0,0, 3.621951593953
0,1,-2.744461423402
0,2, 0.064333445574
0,3, 0.013203531534
0,30,-0.031426550924
0,31,-0.014044586582
0,32, 0.030434302194
0,35, 0.045704089607
0,38,-0.058009886754
0,41,-0.039949504939
1,0,-2.744461423402
1,1, 2.176253476137
1,2,-0.081421662226
1,3,-0.017339692965
1,30, 0.038650532552
1,31, 0.007690755690
1,32,-0.039515993142
1,35,-0.039245462477
1,38, 0.093555688868
1,41,-0.001473532571
2,0, 0.064333445574
2,1,-0.081421662226
2,2, 0.112635000000
2,3, 0.051962707439
2,30, 0.026118304284
2,31, 0.058355091424
2,32, 0.074766826420
2,35,-0.015957364830
2,38,-0.056341745099
2,41, 0.006843277206
3,0, 0.013203531534
3,1,-0.017339692965
3,2, 0.051962707439
3,3, 0.042480000000
3,30, 0.009194007332
3,31, 0.022782431027
3,32, 0.038061181559
3,35,-0.001919458904
3,38,-0.008160879328
3,41, 0.000317527448
4,4, 0.547745461032
4,7, 0.136562503382
4,10, 0.025334727664
4,33, 0.034429579606
4,36, 0.131890253520
4,42,-0.076571601668
5,5, 0.547745461032
5,8, 0.136562503382
5,11, 0.025334727664
5,34, 0.034429579606
5,37, 0.131890253520
5,40,-0.076571601668
6,6, 0.547745461032
6,9, 0.136562503382
6,12, 0.025334727664
6,30, 0.114564216751
6,31, 0.223000498145
6,32, 0.125412890883
6,35,-0.117716572028
6,38,-0.287194893999
6,41, 0.114608556418
7,4, 0.136562503382
7,7, 0.139450000000
7,10, 0.055479231030
7,33, 0.014133811134
7,36, 0.053276766996
7,42,-0.007852120489
8,5, 0.136562503382
8,8, 0.139450000000
8,11, 0.055479231030
8,34, 0.014133811134
8,37, 0.053276766996
8,40,-0.007852120489
9,6, 0.136562503382
9,9, 0.139450000000
9,12, 0.055479231030
9,30, 0.046539327668
9,31, 0.093721571543
9,32, 0.095491257193
9,35,-0.001658306819
9,38,-0.000553945687
9,41,-0.004580074603
10,4, 0.025334727664
10,7, 0.055479231030
10,10, 0.051250000000
10,33, 0.002280197716
10,36, 0.010098092670
10,42,-0.000475655434
11,5, 0.025334727664
11,8, 0.055479231030
11,11, 0.051250000000
11,34, 0.002280197716
11,37, 0.010098092670
11,40,-0.000475655434
12,6, 0.025334727664
12,9, 0.055479231030
12,12, 0.051250000000
12,30, 0.007576889221
12,31, 0.018482541025
12,32, 0.029411140194
12,35, 0.001351600127
12,38, 0.006137762248
12,41,-0.000447812997
13,13, 0.655900000000
13,18, 0.288969341633
13,39, 0.075845093385
14,14, 0.655900000000
14,19, 0.288969341633
14,34, 0.161830034880
14,37, 0.355726400648
14,40,-0.166975258742
15,15, 0.655900000000
15,20, 0.288969341633
15,30, 0.298903298205
15,31, 0.317864959787
15,32, 0.090269568260
15,35,-0.125636977263
15,38,-0.097445210578
15,41,-0.011550073986
16,16, 0.655900000000
16,21, 0.288969341633
16,33, 0.161830034880
16,36, 0.355726400648
16,42,-0.166975258742
17,17, 0.655900000000
17,22, 0.288969341633
17,43, 0.075845093385
18,13, 0.288969341633
18,18, 0.280350000000
18,39, 0.025070089643
19,14, 0.288969341633
19,19, 0.280350000000
19,34, 0.051273721398
19,37, 0.154575296439
19,40,-0.010229973113
20,15, 0.288969341633
20,20, 0.280350000000
20,30, 0.096280274251
20,31, 0.148779016780
20,32, 0.085051593703
20,35, 0.016746007234
20,38, 0.066968191970
20,41,-0.006478060799
21,16, 0.288969341633
21,21, 0.280350000000
21,33, 0.051273721398
21,36, 0.154575296439
21,42,-0.010229973113
22,17, 0.288969341633
22,22, 0.280350000000
22,43, 0.025070089643
23,23, 0.823050000000
24,24, 0.823050000000
24,39, 0.204802969305
25,25, 0.823050000000
25,34, 0.288171959817
25,37, 0.475225299642
25,40,-0.110880588202
26,26, 0.823050000000
26,30, 0.370957498962
26,31, 0.282022765395
26,32, 0.044304689912
26,35, 0.003144625023
26,38, 0.146494126129
26,41,-0.012249328344
27,27, 0.823050000000
27,33, 0.288171959817
27,36, 0.475225299642
27,42,-0.110880588202
28,28, 0.823050000000
28,43, 0.204802969305
29,29, 0.823050000000
30,0,-0.031426550924
30,1, 0.038650532552
30,2, 0.026118304284
30,3, 0.009194007332
30,6, 0.114564216751
30,9, 0.046539327668
30,12, 0.007576889221
30,15, 0.298903298205
30,20, 0.096280274251
30,26, 0.370957498962
30,30, 2.304679571836
30,31, 0.549013001322
30,32, 0.106269592137
31,0,-0.014044586582
31,1, 0.007690755690
31,2, 0.058355091424
31,3, 0.022782431027
31,6, 0.223000498145
31,9, 0.093721571543
31,12, 0.018482541025
31,15, 0.317864959787
31,20, 0.148779016780
31,26, 0.282022765395
31,30, 0.549013001322
31,31, 0.488700000000
31,32, 0.184799949759
32,0, 0.030434302194
32,1,-0.039515993142
32,2, 0.074766826420
32,3, 0.038061181559
32,6, 0.125412890883
32,9, 0.095491257193
32,12, 0.029411140194
32,15, 0.090269568260
32,20, 0.085051593703
32,26, 0.044304689912
32,30, 0.106269592137
32,31, 0.184799949759
32,32, 0.154050000000
33,4, 0.034429579606
33,7, 0.014133811134
33,10, 0.002280197716
33,16, 0.161830034880
33,21, 0.051273721398
33,27, 0.288171959817
33,33, 3.517500000000
33,36, 0.935088056814
34,5, 0.034429579606
34,8, 0.014133811134
34,11, 0.002280197716
34,14, 0.161830034880
34,19, 0.051273721398
34,25, 0.288171959817
34,34, 3.517500000000
34,37, 0.935088056814
35,0, 0.045704089607
35,1,-0.039245462477
35,2,-0.015957364830
35,3,-0.001919458904
35,6,-0.117716572028
35,9,-0.001658306819
35,12, 0.001351600127
35,15,-0.125636977263
35,20, 0.016746007234
35,26, 0.003144625023
35,35, 3.517500000000
35,38, 0.935088056814
36,4, 0.131890253520
36,7, 0.053276766996
36,10, 0.010098092670
36,16, 0.355726400648
36,21, 0.154575296439
36,27, 0.475225299642
36,33, 0.935088056814
36,36, 0.970000000000
37,5, 0.131890253520
37,8, 0.053276766996
37,11, 0.010098092670
37,14, 0.355726400648
37,19, 0.154575296439
37,25, 0.475225299642
37,34, 0.935088056814
37,37, 0.970000000000
38,0,-0.058009886754
38,1, 0.093555688868
38,2,-0.056341745099
38,3,-0.008160879328
38,6,-0.287194893999
38,9,-0.000553945687
38,12, 0.006137762248
38,15,-0.097445210578
38,20, 0.066968191970
38,26, 0.146494126129
38,35, 0.935088056814
38,38, 0.970000000000
39,13, 0.075845093385
39,18, 0.025070089643
39,24, 0.204802969305
39,39, 3.699500000000
40,5,-0.076571601668
40,8,-0.007852120489
40,11,-0.000475655434
40,14,-0.166975258742
40,19,-0.010229973113
40,25,-0.110880588202
40,40, 3.699500000000
41,0,-0.039949504939
41,1,-0.001473532571
41,2, 0.006843277206
41,3, 0.000317527448
41,6, 0.114608556418
41,9,-0.004580074603
41,12,-0.000447812997
41,15,-0.011550073986
41,20,-0.006478060799
41,26,-0.012249328344
41,41, 3.699500000000
42,4,-0.076571601668
42,7,-0.007852120489
42,10,-0.000475655434
42,16,-0.166975258742
42,21,-0.010229973113
42,27,-0.110880588202
42,42, 3.699500000000
43,17, 0.075845093385
43,22, 0.025070089643
43,28, 0.204802969305
43,43, 3.699500000000
