0,0, 3.621951593953
0,1,-2.744461423402
0,2, 0.064333445574
0,3, 0.013203531534
0,30,-0.060131727034
0,31, 0.028792594981
0,32, 0.046589468278
0,35, 0.067073456435
0,38,-0.220559747238
0,41, 0.089436460504
1,0,-2.744461423402
1,1, 2.176253476137
1,2,-0.081421662226
1,3,-0.017339692965
1,30, 0.054167892960
1,31,-0.045990792243
1,32,-0.059433822433
1,35,-0.022190435579
1,38, 0.268334090188
1,41,-0.156307705572
2,0, 0.064333445574
2,1,-0.081421662226
2,2, 0.112635000000
2,3, 0.051962707439
2,30, 0.035443357389
2,31, 0.075427233160
2,32, 0.089075746053
2,35,-0.016714013258
2,38,-0.057307151176
2,41, 0.005761092835
3,0, 0.013203531534
3,1,-0.017339692965
3,2, 0.051962707439
3,3, 0.042480000000
3,30, 0.010245142807
3,31, 0.025218064646
3,32, 0.041475800122
3,35,-0.001734680190
3,38,-0.007342477042
3,41, 0.000235326157
4,4, 0.547745461032
4,7, 0.136562503382
4,10, 0.025334727664
4,33, 0.071905342620
4,36, 0.217301959047
4,42,-0.140877074535
5,5, 0.547745461032
5,8, 0.136562503382
5,11, 0.025334727664
5,34, 0.071905342620
5,37, 0.217301959047
5,40,-0.140877074535
6,6, 0.547745461032
6,9, 0.136562503382
6,12, 0.025334727664
6,30, 0.194891749219
6,31, 0.290962521885
6,32, 0.129171309083
6,35,-0.174179482536
6,38,-0.251778382409
6,41, 0.147401581428
7,4, 0.136562503382
7,7, 0.139450000000
7,10, 0.055479231030
7,33, 0.016836394683
7,36, 0.062419902125
7,42,-0.007588000017
8,5, 0.136562503382
8,8, 0.139450000000
8,11, 0.055479231030
8,34, 0.016836394683
8,37, 0.062419902125
8,40,-0.007588000017
9,6, 0.136562503382
9,9, 0.139450000000
9,12, 0.055479231030
9,30, 0.045807506054
9,31, 0.090466827963
9,32, 0.088708127821
9,35, 0.004189150300
9,38, 0.019936713954
9,41,-0.005822223832
10,4, 0.025334727664
10,7, 0.055479231030
10,10, 0.051250000000
10,33, 0.002431278130
10,36, 0.010741730394
10,42,-0.000416998828
11,5, 0.025334727664
11,8, 0.055479231030
11,11, 0.051250000000
11,34, 0.002431278130
11,37, 0.010741730394
11,40,-0.000416998828
12,6, 0.025334727664
12,9, 0.055479231030
12,12, 0.051250000000
12,30, 0.006680915396
12,31, 0.016250971535
12,32, 0.025678121219
12,35, 0.001757786410
12,38, 0.007875540811
12,41,-0.000420869008
13,13, 0.655900000000
13,18, 0.288969341633
13,39, 0.124492076254
14,14, 0.655900000000
14,19, 0.288969341633
14,34, 0.224453839118
14,37, 0.432561552215
14,40,-0.137607258815
15,15, 0.655900000000
15,20, 0.288969341633
15,30, 0.340369158264
15,31, 0.312066433667
15,32, 0.075125346019
15,35,-0.025114542738
15,38, 0.088226883700
15,41,-0.054260408428
16,16, 0.655900000000
16,21, 0.288969341633
16,33, 0.224453839118
16,36, 0.432561552215
16,42,-0.137607258815
17,17, 0.655900000000
17,22, 0.288969341633
17,43, 0.124492076254
18,13, 0.288969341633
18,18, 0.280350000000
18,39, 0.031268407657
19,14, 0.288969341633
19,19, 0.280350000000
19,34, 0.053107984575
19,37, 0.155564889211
19,40, 0.001553582682
20,15, 0.288969341633
20,20, 0.280350000000
20,30, 0.082345780218
20,31, 0.123048670275
20,32, 0.066370805525
20,35, 0.031650961409
20,38, 0.103747768595
20,41, 0.000512167519
21,16, 0.288969341633
21,21, 0.280350000000
21,33, 0.053107984575
21,36, 0.155564889211
21,42, 0.001553582682
22,17, 0.288969341633
22,22, 0.280350000000
22,43, 0.031268407657
23,23, 0.823050000000
24,24, 0.823050000000
24,39, 0.264659270752
25,25, 0.823050000000
25,34, 0.313596043805
25,37, 0.462154284701
25,40, 0.014681685722
26,26, 0.823050000000
26,30, 0.332021303503
26,31, 0.222107702826
26,32, 0.030093637586
26,35, 0.129514353177
26,38, 0.280761223757
26,41, 0.040270662332
27,27, 0.823050000000
27,33, 0.313596043805
27,36, 0.462154284701
27,42, 0.014681685722
28,28, 0.823050000000
28,43, 0.264659270752
29,29, 0.823050000000
30,0,-0.060131727034
30,1, 0.054167892960
30,2, 0.035443357389
30,3, 0.010245142807
30,6, 0.194891749219
30,9, 0.045807506054
30,12, 0.006680915396
30,15, 0.340369158264
30,20, 0.082345780218
30,26, 0.332021303503
30,30, 2.304679571836
30,31, 0.549013001322
30,32, 0.106269592137
31,0, 0.028792594981
31,1,-0.045990792243
31,2, 0.075427233160
31,3, 0.025218064646
31,6, 0.290962521885
31,9, 0.090466827963
31,12, 0.016250971535
31,15, 0.312066433667
31,20, 0.123048670275
31,26, 0.222107702826
31,30, 0.549013001322
31,31, 0.488700000000
31,32, 0.184799949759
32,0, 0.046589468278
32,1,-0.059433822433
32,2, 0.089075746053
32,3, 0.041475800122
32,6, 0.129171309083
32,9, 0.088708127821
32,12, 0.025678121219
32,15, 0.075125346019
32,20, 0.066370805525
32,26, 0.030093637586
32,30, 0.106269592137
32,31, 0.184799949759
32,32, 0.154050000000
33,4, 0.071905342620
33,7, 0.016836394683
33,10, 0.002431278130
33,16, 0.224453839118
33,21, 0.053107984575
33,27, 0.313596043805
33,33, 3.517500000000
33,36, 0.935088056814
34,5, 0.071905342620
34,8, 0.016836394683
34,11, 0.002431278130
34,14, 0.224453839118
34,19, 0.053107984575
34,25, 0.313596043805
34,34, 3.517500000000
34,37, 0.935088056814
35,0, 0.067073456435
35,1,-0.022190435579
35,2,-0.016714013258
35,3,-0.001734680190
35,6,-0.174179482536
35,9, 0.004189150300
35,12, 0.001757786410
35,15,-0.025114542738
35,20, 0.031650961409
35,26, 0.129514353177
35,35, 3.517500000000
35,38, 0.935088056814
36,4, 0.217301959047
36,7, 0.062419902125
36,10, 0.010741730394
36,16, 0.432561552215
36,21, 0.155564889211
36,27, 0.462154284701
36,33, 0.935088056814
36,36, 0.970000000000
37,5, 0.217301959047
37,8, 0.062419902125
37,11, 0.010741730394
37,14, 0.432561552215
37,19, 0.155564889211
37,25, 0.462154284701
37,34, 0.935088056814
37,37, 0.970000000000
38,0,-0.220559747238
38,1, 0.268334090188
38,2,-0.057307151176
38,3,-0.007342477042
38,6,-0.251778382409
38,9, 0.019936713954
38,12, 0.007875540811
38,15, 0.088226883700
38,20, 0.103747768595
38,26, 0.280761223757
38,35, 0.935088056814
38,38, 0.970000000000
39,13, 0.124492076254
39,18, 0.031268407657
39,24, 0.264659270752
39,39, 3.699500000000
40,5,-0.140877074535
40,8,-0.007588000017
40,11,-0.000416998828
40,14,-0.137607258815
40,19, 0.001553582682
40,25, 0.014681685722
40,40, 3.699500000000
41,0, 0.089436460504
41,1,-0.156307705572
41,2, 0.005761092835
41,3, 0.000235326157
41,6, 0.147401581428
41,9,-0.005822223832
41,12,-0.000420869008
41,15,-0.054260408428
41,20, 0.000512167519
41,26, 0.040270662332
41,41, 3.699500000000
42,4,-0.140877074535
42,7,-0.007588000017
42,10,-0.000416998828
42,16,-0.137607258815
42,21, 0.001553582682
42,27, 0.014681685722
42,42, 3.699500000000
43,17, 0.124492076254
43,22, 0.031268407657
43,28, 0.264659270752
43,43, 3.699500000000
