0,0, 3.621951593953
0,1,-2.744461423402
0,2, 0.064333445574
0,3, 0.013203531534
0,30,-0.001647626073
0,31,-0.013663691134
0,32,-0.000526730624
0,35, 0.002860453866
0,38, 0.026691224994
0,41,-0.006498024042
1,0,-2.744461423402
1,1, 2.176253476137
1,2,-0.081421662226
1,3,-0.017339692965
1,30, 0.003337595423
1,31, 0.018027505743
1,32,-0.000268074479
1,35,-0.005697456812
1,38,-0.031408692389
1,41, 0.010520973045
2,0, 0.064333445574
2,1,-0.081421662226
2,2, 0.112635000000
2,3, 0.051962707439
2,30, 0.004271337417
2,31, 0.014748604556
2,32, 0.032188136135
2,35,-0.008142223394
2,38,-0.033458147298
2,41, 0.006391751402
3,0, 0.013203531534
3,1,-0.017339692965
3,2, 0.051962707439
3,3, 0.042480000000
3,30, 0.005620972042
3,31, 0.014389029199
3,32, 0.025907108761
3,35,-0.001996835513
3,38,-0.008661430605
3,41, 0.000527890295
4,4, 0.547745461032
4,7, 0.136562503382
4,10, 0.025334727664
4,33,-0.000556578663
4,36, 0.009990892390
4,42,-0.009024033579
5,5, 0.547745461032
5,8, 0.136562503382
5,11, 0.025334727664
5,34,-0.000556578663
5,37, 0.009990892390
5,40,-0.009024033579
6,6, 0.547745461032
6,9, 0.136562503382
6,12, 0.025334727664
6,30,-0.001913172207
6,31, 0.034218876229
6,32, 0.070404490215
6,35,-0.026897222976
6,38,-0.122722506843
6,41, 0.038858411549
7,4, 0.136562503382
7,7, 0.139450000000
7,10, 0.055479231030
7,33, 0.006409397594
7,36, 0.026170485838
7,42,-0.006076331907
8,5, 0.136562503382
8,8, 0.139450000000
8,11, 0.055479231030
8,34, 0.006409397594
8,37, 0.026170485838
8,40,-0.006076331907
9,6, 0.136562503382
9,9, 0.139450000000
9,12, 0.055479231030
9,30, 0.032522692986
9,31, 0.071925443035
9,32, 0.087656909044
9,35,-0.012164352525
9,38,-0.041491503769
9,41, 0.001535778706
10,4, 0.025334727664
10,7, 0.055479231030
10,10, 0.051250000000
10,33, 0.001725075791
10,36, 0.007720011719
10,42,-0.000567344187
11,5, 0.025334727664
11,8, 0.055479231030
11,11, 0.051250000000
11,34, 0.001725075791
11,37, 0.007720011719
11,40,-0.000567344187
12,6, 0.025334727664
12,9, 0.055479231030
12,12, 0.051250000000
12,30, 0.008797569705
12,31, 0.021730016623
12,32, 0.035672004516
12,35, 0.000028271312
12,38, 0.000415497690
12,41,-0.000366522680
13,13, 0.655900000000
13,18, 0.288969341633
13,39, 0.005921236443
14,14, 0.655900000000
14,19, 0.288969341633
14,34, 0.016349816650
14,37, 0.087240733863
14,40,-0.062364667612
15,15, 0.655900000000
15,20, 0.288969341633
15,30, 0.049553226629
15,31, 0.136910098716
15,32, 0.088968539406
15,35,-0.102655526089
15,38,-0.262912394195
15,41, 0.100695412223
16,16, 0.655900000000
16,21, 0.288969341633
16,33, 0.016349816650
16,36, 0.087240733863
16,42,-0.062364667612
17,17, 0.655900000000
17,22, 0.288969341633
17,43, 0.005921236443
18,13, 0.288969341633
18,18, 0.280350000000
18,39, 0.009346826601
19,14, 0.288969341633
19,19, 0.280350000000
19,34, 0.028758656805
19,37, 0.099252821470
19,40,-0.024072687036
20,15, 0.288969341633
20,20, 0.280350000000
20,30, 0.083479713620
20,31, 0.150946619519
20,32, 0.112465094876
20,35,-0.027401058155
20,38,-0.064950311582
20,41, 0.000871323709
21,16, 0.288969341633
21,21, 0.280350000000
21,33, 0.028758656805
21,36, 0.099252821470
21,42,-0.024072687036
22,17, 0.288969341633
22,22, 0.280350000000
22,43, 0.009346826601
23,23, 0.823050000000
24,24, 0.823050000000
24,39, 0.039603963894
25,25, 0.823050000000
25,34, 0.077517542788
25,37, 0.228434685765
25,40,-0.148199630457
26,26, 0.823050000000
26,30, 0.158451081552
26,31, 0.230392797420
26,32, 0.071902605892
26,35,-0.170041887938
26,38,-0.264940510510
26,41, 0.098856472435
27,27, 0.823050000000
27,33, 0.077517542788
27,36, 0.228434685765
27,42,-0.148199630457
28,28, 0.823050000000
28,43, 0.039603963894
29,29, 0.823050000000
30,0,-0.001647626073
30,1, 0.003337595423
30,2, 0.004271337417
30,3, 0.005620972042
30,6,-0.001913172207
30,9, 0.032522692986
30,12, 0.008797569705
30,15, 0.049553226629
30,20, 0.083479713620
30,26, 0.158451081552
30,30, 2.304679571836
30,31, 0.549013001322
30,32, 0.106269592137
31,0,-0.013663691134
31,1, 0.018027505743
31,2, 0.014748604556
31,3, 0.014389029199
31,6, 0.034218876229
31,9, 0.071925443035
31,12, 0.021730016623
31,15, 0.136910098716
31,20, 0.150946619519
31,26, 0.230392797420
31,30, 0.549013001322
31,31, 0.488700000000
31,32, 0.184799949759
32,0,-0.000526730624
32,1,-0.000268074479
32,2, 0.032188136135
32,3, 0.025907108761
32,6, 0.070404490215
32,9, 0.087656909044
32,12, 0.035672004516
32,15, 0.088968539406
32,20, 0.112465094876
32,26, 0.071902605892
32,30, 0.106269592137
32,31, 0.184799949759
32,32, 0.154050000000
33,4,-0.000556578663
33,7, 0.006409397594
33,10, 0.001725075791
33,16, 0.016349816650
33,21, 0.028758656805
33,27, 0.077517542788
33,33, 3.517500000000
33,36, 0.935088056814
34,5,-0.000556578663
34,8, 0.006409397594
34,11, 0.001725075791
34,14, 0.016349816650
34,19, 0.028758656805
34,25, 0.077517542788
34,34, 3.517500000000
34,37, 0.935088056814
35,0, 0.002860453866
35,1,-0.005697456812
35,2,-0.008142223394
35,3,-0.001996835513
35,6,-0.026897222976
35,9,-0.012164352525
35,12, 0.000028271312
35,15,-0.102655526089
35,20,-0.027401058155
35,26,-0.170041887938
35,35, 3.517500000000
35,38, 0.935088056814
36,4, 0.009990892390
36,7, 0.026170485838
36,10, 0.007720011719
36,16, 0.087240733863
36,21, 0.099252821470
36,27, 0.228434685765
36,33, 0.935088056814
36,36, 0.970000000000
37,5, 0.009990892390
37,8, 0.026170485838
37,11, 0.007720011719
37,14, 0.087240733863
37,19, 0.099252821470
37,25, 0.228434685765
37,34, 0.935088056814
37,37, 0.970000000000
38,0, 0.026691224994
38,1,-0.031408692389
38,2,-0.033458147298
38,3,-0.008661430605
38,6,-0.122722506843
38,9,-0.041491503769
38,12, 0.000415497690
38,15,-0.262912394195
38,20,-0.064950311582
38,26,-0.264940510510
38,35, 0.935088056814
38,38, 0.970000000000
39,13, 0.005921236443
39,18, 0.009346826601
39,24, 0.039603963894
39,39, 3.699500000000
40,5,-0.009024033579
40,8,-0.006076331907
40,11,-0.000567344187
40,14,-0.062364667612
40,19,-0.024072687036
40,25,-0.148199630457
40,40, 3.699500000000
41,0,-0.006498024042
41,1, 0.010520973045
41,2, 0.006391751403
41,3, 0.000527890295
41,6, 0.038858411549
41,9, 0.001535778707
41,12,-0.000366522680
41,15, 0.100695412223
41,20, 0.000871323709
41,26, 0.098856472436
41,41, 3.699500000000
42,4,-0.009024033579
42,7,-0.006076331907
42,10,-0.000567344187
42,16,-0.062364667612
42,21,-0.024072687036
42,27,-0.148199630457
42,42, 3.699500000000
43,17, 0.005921236443
43,22, 0.009346826601
43,28, 0.039603963894
43,43, 3.699500000000
