0,0, 3.621951593953
0,1,-2.744461423402
0,2, 0.064333445574
0,3, 0.013203531534
0,30,-0.000871189598
0,31,-0.009824349590
0,32,-0.002866779932
0,35, 0.001584363273
0,38, 0.019981523443
0,41,-0.003844947227
1,0,-2.744461423402
1,1, 2.176253476137
1,2,-0.081421662226
1,3,-0.017339692965
1,30, 0.001815621084
1,31, 0.013627533965
1,32, 0.002873950461
1,35,-0.003284848405
1,38,-0.025564516248
1,41, 0.006957261853
2,0, 0.064333445574
2,1,-0.081421662226
2,2, 0.112635000000
2,3, 0.051962707439
2,30, 0.001896526813
2,31, 0.009343443896
2,32, 0.025699250616
2,35,-0.006529196061
2,38,-0.028070805325
2,41, 0.005795174501
3,0, 0.013203531534
3,1,-0.017339692965
3,2, 0.051962707439
3,3, 0.042480000000
3,30, 0.004981915793
3,31, 0.012864189892
3,32, 0.023617321084
3,35,-0.001939227644
3,38,-0.008452275781
3,41, 0.000551149880
4,4, 0.547745461032
4,7, 0.136562503382
4,10, 0.025334727664
4,33,-0.001798736344
4,36, 0.003057032353
4,42,-0.004844250456
5,5, 0.547745461032
5,8, 0.136562503382
5,11, 0.025334727664
5,34,-0.001798736344
5,37, 0.003057032353
5,40,-0.004844250456
6,6, 0.547745461032
6,9, 0.136562503382
6,12, 0.025334727664
6,30,-0.008880583765
6,31, 0.015462824464
6,32, 0.058215488687
6,35,-0.015988684791
6,38,-0.089456800482
6,41, 0.031244969290
7,4, 0.136562503382
7,7, 0.139450000000
7,10, 0.055479231030
7,33, 0.005282514423
7,36, 0.022032891912
7,42,-0.005500665382
8,5, 0.136562503382
8,8, 0.139450000000
8,11, 0.055479231030
8,34, 0.005282514423
8,37, 0.022032891912
8,40,-0.005500665382
9,6, 0.136562503382
9,9, 0.139450000000
9,12, 0.055479231030
9,30, 0.028548987847
9,31, 0.064723714246
9,32, 0.082557385142
9,35,-0.012562848076
9,38,-0.044041934854
9,41, 0.002520680200
10,4, 0.025334727664
10,7, 0.055479231030
10,10, 0.051250000000
10,33, 0.001616689903
10,36, 0.007252922768
10,42,-0.000569473528
11,5, 0.025334727664
11,8, 0.055479231030
11,11, 0.051250000000
11,34, 0.001616689903
11,37, 0.007252922768
11,40,-0.000569473528
12,6, 0.025334727664
12,9, 0.055479231030
12,12, 0.051250000000
12,30, 0.008771461770
12,31, 0.021729757317
12,32, 0.035934671509
12,35,-0.000194504859
12,38,-0.000561006659
12,41,-0.000328692897
13,13, 0.655900000000
13,18, 0.288969341633
13,39, 0.002466242089
14,14, 0.655900000000
14,19, 0.288969341633
14,34, 0.006241358811
14,37, 0.056431811503
14,40,-0.041795124964
15,15, 0.655900000000
15,20, 0.288969341633
15,30, 0.021520363499
15,31, 0.098931070887
15,32, 0.081782155158
15,35,-0.073537459934
15,38,-0.228438226441
15,41, 0.090831855818
16,16, 0.655900000000
16,21, 0.288969341633
16,33, 0.006241358811
16,36, 0.056431811503
16,42,-0.041795124964
17,17, 0.655900000000
17,22, 0.288969341633
17,43, 0.002466242089
18,13, 0.288969341633
18,18, 0.280350000000
18,39, 0.007368358969
19,14, 0.288969341633
19,19, 0.280350000000
19,34, 0.023993850843
19,37, 0.085754221380
19,40,-0.023152396205
20,15, 0.288969341633
20,20, 0.280350000000
20,30, 0.074241467993
20,31, 0.139778207867
20,32, 0.111186668159
20,35,-0.030925690125
20,38,-0.079860521683
20,41, 0.004422402060
21,16, 0.288969341633
21,21, 0.280350000000
21,33, 0.023993850843
21,36, 0.085754221380
21,42,-0.023152396205
22,17, 0.288969341633
22,22, 0.280350000000
22,43, 0.007368358969
23,23, 0.823050000000
24,24, 0.823050000000
24,39, 0.024578085142
25,25, 0.823050000000
25,34, 0.049464579658
25,37, 0.174853983771
25,40,-0.118625004948
26,26, 0.823050000000
26,30, 0.109002926823
26,31, 0.192999864986
26,32, 0.071769378531
26,35,-0.147391905378
26,38,-0.274966327503
26,41, 0.109383521731
27,27, 0.823050000000
27,33, 0.049464579658
27,36, 0.174853983771
27,42,-0.118625004948
28,28, 0.823050000000
28,43, 0.024578085142
29,29, 0.823050000000
30,0,-0.000871189598
30,1, 0.001815621084
30,2, 0.001896526813
30,3, 0.004981915793
30,6,-0.008880583765
30,9, 0.028548987847
30,12, 0.008771461770
30,15, 0.021520363499
30,20, 0.074241467993
30,26, 0.109002926823
30,30, 2.304679571836
30,31, 0.549013001322
30,32, 0.106269592137
31,0,-0.009824349590
31,1, 0.013627533965
31,2, 0.009343443896
31,3, 0.012864189892
31,6, 0.015462824464
31,9, 0.064723714246
31,12, 0.021729757317
31,15, 0.098931070887
31,20, 0.139778207867
31,26, 0.192999864986
31,30, 0.549013001322
31,31, 0.488700000000
31,32, 0.184799949759
32,0,-0.002866779932
32,1, 0.002873950461
32,2, 0.025699250616
32,3, 0.023617321084
32,6, 0.058215488687
32,9, 0.082557385142
32,12, 0.035934671509
32,15, 0.081782155158
32,20, 0.111186668159
32,26, 0.071769378531
32,30, 0.106269592137
32,31, 0.184799949759
32,32, 0.154050000000
33,4,-0.001798736344
33,7, 0.005282514423
33,10, 0.001616689903
33,16, 0.006241358811
33,21, 0.023993850843
33,27, 0.049464579658
33,33, 3.517500000000
33,36, 0.935088056814
34,5,-0.001798736344
34,8, 0.005282514423
34,11, 0.001616689903
34,14, 0.006241358811
34,19, 0.023993850843
34,25, 0.049464579658
34,34, 3.517500000000
34,37, 0.935088056814
35,0, 0.001584363273
35,1,-0.003284848405
35,2,-0.006529196061
35,3,-0.001939227644
35,6,-0.015988684791
35,9,-0.012562848076
35,12,-0.000194504859
35,15,-0.073537459934
35,20,-0.030925690125
35,26,-0.147391905378
35,35, 3.517500000000
35,38, 0.935088056814
36,4, 0.003057032353
36,7, 0.022032891912
36,10, 0.007252922768
36,16, 0.056431811503
36,21, 0.085754221380
36,27, 0.174853983771
36,33, 0.935088056814
36,36, 0.970000000000
37,5, 0.003057032353
37,8, 0.022032891912
37,11, 0.007252922768
37,14, 0.056431811503
37,19, 0.085754221380
37,25, 0.174853983771
37,34, 0.935088056814
37,37, 0.970000000000
38,0, 0.019981523443
38,1,-0.025564516248
38,2,-0.028070805325
38,3,-0.008452275781
38,6,-0.089456800482
38,9,-0.044041934854
38,12,-0.000561006659
38,15,-0.228438226441
38,20,-0.079860521683
38,26,-0.274966327503
38,35, 0.935088056814
38,38, 0.970000000000
39,13, 0.002466242089
39,18, 0.007368358969
39,24, 0.024578085142
39,39, 3.699500000000
40,5,-0.004844250456
40,8,-0.005500665382
40,11,-0.000569473528
40,14,-0.041795124964
40,19,-0.023152396205
40,25,-0.118625004948
40,40, 3.699500000000
41,0,-0.003844947227
41,1, 0.006957261853
41,2, 0.005795174501
41,3, 0.000551149880
41,6, 0.031244969290
41,9, 0.002520680200
41,12,-0.000328692897
41,15, 0.090831855818
41,20, 0.004422402060
41,26, 0.109383521731
41,41, 3.699500000000
42,4,-0.004844250456
42,7,-0.005500665382
42,10,-0.000569473528
42,16,-0.041795124964
42,21,-0.023152396205
42,27,-0.118625004948
42,42, 3.699500000000
43,17, 0.002466242089
43,22, 0.007368358969
43,28, 0.024578085142
43,43, 3.699500000000
