0,0, 3.621951593953
0,1,-2.744461423402
0,2, 0.064333445574
0,3, 0.013203531534
0,30,-0.004490334012
0,31,-0.021054532093
0,32, 0.005622487566
0,35, 0.007252399010
0,38, 0.035104156427
0,41,-0.015140632827
1,0,-2.744461423402
1,1, 2.176253476137
1,2,-0.081421662226
1,3,-0.017339692965
1,30, 0.008358372412
1,31, 0.025339429624
1,32,-0.008286427204
1,35,-0.012641904094
1,38,-0.034007967282
1,41, 0.018430311096
2,0, 0.064333445574
2,1,-0.081421662226
2,2, 0.112635000000
2,3, 0.051962707439
2,30, 0.009491692945
2,31, 0.025914890158
2,32, 0.044361786695
2,35,-0.010960565508
2,38,-0.042399397964
2,41, 0.007114459804
3,0, 0.013203531534
3,1,-0.017339692965
3,2, 0.051962707439
3,3, 0.042480000000
3,30, 0.006733948023
3,31, 0.017025430120
3,32, 0.029799538973
3,35,-0.002048247115
3,38,-0.008819876854
3,41, 0.000475655249
4,4, 0.547745461032
4,7, 0.136562503382
4,10, 0.025334727664
4,33, 0.003905473089
4,36, 0.029787987224
4,42,-0.019601993686
5,5, 0.547745461032
5,8, 0.136562503382
5,11, 0.025334727664
5,34, 0.003905473089
5,37, 0.029787987224
5,40,-0.019601993686
6,6, 0.547745461032
6,9, 0.136562503382
6,12, 0.025334727664
6,30, 0.018622463030
6,31, 0.078377432618
6,32, 0.091099309517
6,35,-0.048564733584
6,38,-0.185706057978
6,41, 0.052117085979
7,4, 0.136562503382
7,7, 0.139450000000
7,10, 0.055479231030
7,33, 0.008562980212
7,36, 0.033916366605
7,42,-0.006936165407
8,5, 0.136562503382
8,8, 0.139450000000
8,11, 0.055479231030
8,34, 0.008562980212
8,37, 0.033916366605
8,40,-0.006936165407
9,6, 0.136562503382
9,9, 0.139450000000
9,12, 0.055479231030
9,30, 0.038695087535
9,31, 0.082585063580
9,32, 0.094139542166
9,35,-0.010416269311
9,38,-0.033558588113
9,41,-0.000377100769
10,4, 0.025334727664
10,7, 0.055479231030
10,10, 0.051250000000
10,33, 0.001906242895
10,36, 0.008498586678
10,42,-0.000553639634
11,5, 0.025334727664
11,8, 0.055479231030
11,11, 0.051250000000
11,34, 0.001906242895
11,37, 0.008498586678
11,40,-0.000553639634
12,6, 0.025334727664
12,9, 0.055479231030
12,12, 0.051250000000
12,30, 0.008671232917
12,31, 0.021321508136
12,32, 0.034610714708
12,35, 0.000428350144
12,38, 0.002157706184
12,41,-0.000416272014
13,13, 0.655900000000
13,18, 0.288969341633
13,39, 0.016634073315
14,14, 0.655900000000
14,19, 0.288969341633
14,34, 0.044814407520
14,37, 0.156307275384
14,40,-0.103973676412
15,15, 0.655900000000
15,20, 0.288969341633
15,30, 0.116752058497
15,31, 0.206649366145
15,32, 0.097058263588
15,35,-0.148266551534
15,38,-0.287225211375
15,41, 0.096327741860
16,16, 0.655900000000
16,21, 0.288969341633
16,33, 0.044814407520
16,36, 0.156307275384
16,42,-0.103973676412
17,17, 0.655900000000
17,22, 0.288969341633
17,43, 0.016634073315
18,13, 0.288969341633
18,18, 0.280350000000
18,39, 0.013383324392
19,14, 0.288969341633
19,19, 0.280350000000
19,34, 0.037007154711
19,37, 0.121398894658
19,40,-0.023528737220
20,15, 0.288969341633
20,20, 0.280350000000
20,30, 0.095553657937
20,31, 0.162903822538
20,32, 0.110096386009
20,35,-0.017368237555
20,38,-0.030195460746
20,41,-0.004646515623
21,16, 0.288969341633
21,21, 0.280350000000
21,33, 0.037007154711
21,36, 0.121398894658
21,42,-0.023528737220
22,17, 0.288969341633
22,22, 0.280350000000
22,43, 0.013383324392
23,23, 0.823050000000
24,24, 0.823050000000
24,39, 0.076693405743
25,25, 0.823050000000
25,34, 0.139476774995
25,37, 0.325520053046
25,40,-0.185735503591
26,26, 0.823050000000
26,30, 0.250514280001
26,31, 0.281558895893
26,32, 0.068028361777
26,35,-0.177093138157
26,38,-0.192496849070
26,41, 0.058570554385
27,27, 0.823050000000
27,33, 0.139476774995
27,36, 0.325520053046
27,42,-0.185735503591
28,28, 0.823050000000
28,43, 0.076693405743
29,29, 0.823050000000
30,0,-0.004490334012
30,1, 0.008358372412
30,2, 0.009491692945
30,3, 0.006733948023
30,6, 0.018622463030
30,9, 0.038695087535
30,12, 0.008671232917
30,15, 0.116752058497
30,20, 0.095553657937
30,26, 0.250514280001
30,30, 2.304679571836
30,31, 0.549013001322
30,32, 0.106269592137
31,0,-0.021054532093
31,1, 0.025339429624
31,2, 0.025914890158
31,3, 0.017025430120
31,6, 0.078377432618
31,9, 0.082585063580
31,12, 0.021321508136
31,15, 0.206649366145
31,20, 0.162903822538
31,26, 0.281558895893
31,30, 0.549013001322
31,31, 0.488700000000
31,32, 0.184799949759
32,0, 0.005622487566
32,1,-0.008286427204
32,2, 0.044361786695
32,3, 0.029799538973
32,6, 0.091099309517
32,9, 0.094139542166
32,12, 0.034610714708
32,15, 0.097058263588
32,20, 0.110096386009
32,26, 0.068028361777
32,30, 0.106269592137
32,31, 0.184799949759
32,32, 0.154050000000
33,4, 0.003905473089
33,7, 0.008562980212
33,10, 0.001906242895
33,16, 0.044814407520
33,21, 0.037007154711
33,27, 0.139476774995
33,33, 3.517500000000
33,36, 0.935088056814
34,5, 0.003905473089
34,8, 0.008562980212
34,11, 0.001906242895
34,14, 0.044814407520
34,19, 0.037007154711
34,25, 0.139476774995
34,34, 3.517500000000
34,37, 0.935088056814
35,0, 0.007252399010
35,1,-0.012641904094
35,2,-0.010960565508
35,3,-0.002048247115
35,6,-0.048564733584
35,9,-0.010416269311
35,12, 0.000428350144
35,15,-0.148266551534
35,20,-0.017368237555
35,26,-0.177093138157
35,35, 3.517500000000
35,38, 0.935088056814
36,4, 0.029787987224
36,7, 0.033916366605
36,10, 0.008498586678
36,16, 0.156307275384
36,21, 0.121398894658
36,27, 0.325520053046
36,33, 0.935088056814
36,36, 0.970000000000
37,5, 0.029787987224
37,8, 0.033916366605
37,11, 0.008498586678
37,14, 0.156307275384
37,19, 0.121398894658
37,25, 0.325520053046
37,34, 0.935088056814
37,37, 0.970000000000
38,0, 0.035104156427
38,1,-0.034007967282
38,2,-0.042399397964
38,3,-0.008819876854
38,6,-0.185706057978
38,9,-0.033558588113
38,12, 0.002157706184
38,15,-0.287225211375
38,20,-0.030195460746
38,26,-0.192496849070
38,35, 0.935088056814
38,38, 0.970000000000
39,13, 0.016634073315
39,18, 0.013383324392
39,24, 0.076693405743
39,39, 3.699500000000
40,5,-0.019601993686
40,8,-0.006936165407
40,11,-0.000553639634
40,14,-0.103973676412
40,19,-0.023528737220
40,25,-0.185735503591
40,40, 3.699500000000
41,0,-0.015140632827
41,1, 0.018430311096
41,2, 0.007114459804
41,3, 0.000475655249
41,6, 0.052117085979
41,9,-0.000377100769
41,12,-0.000416272014
41,15, 0.096327741860
41,20,-0.004646515623
41,26, 0.058570554385
41,41, 3.699500000000
42,4,-0.019601993686
42,7,-0.006936165407
42,10,-0.000553639634
42,16,-0.103973676412
42,21,-0.023528737220
42,27,-0.185735503591
42,42, 3.699500000000
43,17, 0.016634073315
43,22, 0.013383324392
43,28, 0.076693405743
43,43, 3.699500000000
