0,0, 3.621951593953
0,1,-2.744461423402
0,2, 0.064333445574
0,3, 0.013203531534
0,30,-0.008868486290
0,31,-0.025139820767
0,32, 0.012028074080
0,35, 0.013820185647
0,38, 0.030671980565
0,41,-0.026310564628
1,0,-2.744461423402
1,1, 2.176253476137
1,2,-0.081421662226
1,3,-0.017339692965
1,30, 0.014945883277
1,31, 0.027885914655
1,32,-0.016466405363
1,35,-0.020395930196
1,38,-0.020915743636
1,41, 0.023943527166
2,0, 0.064333445574
2,1,-0.081421662226
2,2, 0.112635000000
2,3, 0.051962707439
2,30, 0.014228890235
2,31, 0.035523319897
2,32, 0.053962657795
2,35,-0.012913085665
2,38,-0.048229708103
2,41, 0.007338971237
3,0, 0.013203531534
3,1,-0.017339692965
3,2, 0.051962707439
3,3, 0.042480000000
3,30, 0.007551871419
3,31, 0.018949326635
3,32, 0.032593580408
3,35,-0.002044966127
3,38,-0.008764795652
3,41, 0.000429014870
4,4, 0.547745461032
4,7, 0.136562503382
4,10, 0.025334727664
4,33, 0.009800396963
4,36, 0.052785773854
4,42,-0.031218469551
5,5, 0.547745461032
5,8, 0.136562503382
5,11, 0.025334727664
5,34, 0.009800396963
5,37, 0.052785773854
5,40,-0.031218469551
6,6, 0.547745461032
6,9, 0.136562503382
6,12, 0.025334727664
6,30, 0.041442582464
6,31, 0.120134250458
6,32, 0.104981075480
6,35,-0.066287584216
6,38,-0.231250854867
6,41, 0.065302392857
7,4, 0.136562503382
7,7, 0.139450000000
7,10, 0.055479231030
7,33, 0.010294384463
7,36, 0.040023008351
7,42,-0.007419013994
8,5, 0.136562503382
8,8, 0.139450000000
8,11, 0.055479231030
8,34, 0.010294384463
8,37, 0.040023008351
8,40,-0.007419013994
9,6, 0.136562503382
9,9, 0.139450000000
9,12, 0.055479231030
9,30, 0.042383415988
9,31, 0.088507287067
9,32, 0.096769062604
9,35,-0.008260915919
9,38,-0.024931726372
9,41,-0.001847943390
10,4, 0.025334727664
10,7, 0.055479231030
10,10, 0.051250000000
10,33, 0.002034184964
10,36, 0.009046917624
10,42,-0.000535414012
11,5, 0.025334727664
11,8, 0.055479231030
11,11, 0.051250000000
11,34, 0.002034184964
11,37, 0.009046917624
11,40,-0.000535414012
12,6, 0.025334727664
12,9, 0.055479231030
12,12, 0.051250000000
12,30, 0.008438587308
12,31, 0.020689152459
12,32, 0.033341620076
12,35, 0.000730222093
12,38, 0.003464433494
12,41,-0.000439401413
13,13, 0.655900000000
13,18, 0.288969341633
13,39, 0.029755510364
14,14, 0.655900000000
14,19, 0.288969341633
14,34, 0.075700720573
14,37, 0.218026777819
14,40,-0.134478247425
15,15, 0.655900000000
15,20, 0.288969341633
15,30, 0.177461818165
15,31, 0.254931722383
15,32, 0.098876843434
15,35,-0.166925223096
15,38,-0.265320254896
15,41, 0.072849707886
16,16, 0.655900000000
16,21, 0.288969341633
16,33, 0.075700720573
16,36, 0.218026777819
16,42,-0.134478247425
17,17, 0.655900000000
17,22, 0.288969341633
17,43, 0.029755510364
18,13, 0.288969341633
18,18, 0.280350000000
18,39, 0.016839603382
19,14, 0.288969341633
19,19, 0.280350000000
19,34, 0.042662523389
19,37, 0.135616690529
19,40,-0.021117299606
20,15, 0.288969341633
20,20, 0.280350000000
20,30, 0.100289623875
20,31, 0.164840408693
20,32, 0.104739875221
20,35,-0.007331555065
20,38, 0.000597808648
20,41,-0.007357664446
21,16, 0.288969341633
21,21, 0.280350000000
21,33, 0.042662523389
21,36, 0.135616690529
21,42,-0.021117299606
22,17, 0.288969341633
22,22, 0.280350000000
22,43, 0.016839603382
23,23, 0.823050000000
24,24, 0.823050000000
24,39, 0.113117344605
25,25, 0.823050000000
25,34, 0.191859327707
25,37, 0.391838475558
25,40,-0.191232584741
26,26, 0.823050000000
26,30, 0.311836737787
26,31, 0.301864504885
26,32, 0.062173311805
26,35,-0.147406233124
26,38,-0.098504200444
26,41, 0.021446009540
27,27, 0.823050000000
27,33, 0.191859327707
27,36, 0.391838475558
27,42,-0.191232584741
28,28, 0.823050000000
28,43, 0.113117344605
29,29, 0.823050000000
30,0,-0.008868486290
30,1, 0.014945883277
30,2, 0.014228890235
30,3, 0.007551871419
30,6, 0.041442582464
30,9, 0.042383415988
30,12, 0.008438587308
30,15, 0.177461818165
30,20, 0.100289623875
30,26, 0.311836737787
30,30, 2.304679571836
30,31, 0.549013001322
30,32, 0.106269592137
31,0,-0.025139820767
31,1, 0.027885914655
31,2, 0.035523319897
31,3, 0.018949326635
31,6, 0.120134250458
31,9, 0.088507287067
31,12, 0.020689152459
31,15, 0.254931722383
31,20, 0.164840408693
31,26, 0.301864504885
31,30, 0.549013001322
31,31, 0.488700000000
31,32, 0.184799949759
32,0, 0.012028074080
32,1,-0.016466405363
32,2, 0.053962657795
32,3, 0.032593580408
32,6, 0.104981075480
32,9, 0.096769062604
32,12, 0.033341620076
32,15, 0.098876843434
32,20, 0.104739875221
32,26, 0.062173311805
32,30, 0.106269592137
32,31, 0.184799949759
32,32, 0.154050000000
33,4, 0.009800396963
33,7, 0.010294384463
33,10, 0.002034184964
33,16, 0.075700720573
33,21, 0.042662523389
33,27, 0.191859327707
33,33, 3.517500000000
33,36, 0.935088056814
34,5, 0.009800396963
34,8, 0.010294384463
34,11, 0.002034184964
34,14, 0.075700720573
34,19, 0.042662523389
34,25, 0.191859327707
34,34, 3.517500000000
34,37, 0.935088056814
35,0, 0.013820185647
35,1,-0.020395930196
35,2,-0.012913085665
35,3,-0.002044966127
35,6,-0.066287584216
35,9,-0.008260915919
35,12, 0.000730222093
35,15,-0.166925223096
35,20,-0.007331555065
35,26,-0.147406233124
35,35, 3.517500000000
35,38, 0.935088056814
36,4, 0.052785773854
36,7, 0.040023008351
36,10, 0.009046917624
36,16, 0.218026777819
36,21, 0.135616690529
36,27, 0.391838475558
36,33, 0.935088056814
36,36, 0.970000000000
37,5, 0.052785773854
37,8, 0.040023008351
37,11, 0.009046917624
37,14, 0.218026777819
37,19, 0.135616690529
37,25, 0.391838475558
37,34, 0.935088056814
37,37, 0.970000000000
38,0, 0.030671980565
38,1,-0.020915743636
38,2,-0.048229708103
38,3,-0.008764795652
38,6,-0.231250854867
38,9,-0.024931726372
38,12, 0.003464433494
38,15,-0.265320254896
38,20, 0.000597808648
38,26,-0.098504200444
38,35, 0.935088056814
38,38, 0.970000000000
39,13, 0.029755510364
39,18, 0.016839603382
39,24, 0.113117344605
39,39, 3.699500000000
40,5,-0.031218469551
40,8,-0.007419013994
40,11,-0.000535414012
40,14,-0.134478247425
40,19,-0.021117299606
40,25,-0.191232584741
40,40, 3.699500000000
41,0,-0.026310564628
41,1, 0.023943527166
41,2, 0.007338971237
41,3, 0.000429014870
41,6, 0.065302392857
41,9,-0.001847943389
41,12,-0.000439401413
41,15, 0.072849707886
41,20,-0.007357664446
41,26, 0.021446009540
41,41, 3.699500000000
42,4,-0.031218469551
42,7,-0.007419013994
42,10,-0.000535414012
42,16,-0.134478247425
42,21,-0.021117299606
42,27,-0.191232584741
42,42, 3.699500000000
43,17, 0.029755510364
43,22, 0.016839603382
43,28, 0.113117344605
43,43, 3.699500000000
