0,0, 3.621951593953
0,1,-2.744461423402
0,2, 0.064333445574
0,3, 0.013203531534
0,30,-0.014410126145
0,31,-0.025474653862
0,32, 0.017940346459
0,35, 0.022038435242
0,38, 0.014460547851
0,41,-0.036651322144
1,0,-2.744461423402
1,1, 2.176253476137
1,2,-0.081421662226
1,3,-0.017339692965
1,30, 0.022018871569
1,31, 0.025905208649
1,32,-0.023927689889
1,35,-0.027560135500
1,38, 0.004058806110
1,41, 0.024758703045
2,0, 0.064333445574
2,1,-0.081421662226
2,2, 0.112635000000
2,3, 0.051962707439
2,30, 0.018259447471
2,31, 0.043434182701
2,32, 0.061440987196
2,35,-0.014219530869
2,38,-0.051919115237
2,41, 0.007312190873
3,0, 0.013203531534
3,1,-0.017339692965
3,2, 0.051962707439
3,3, 0.042480000000
3,30, 0.008160323556
3,31, 0.020373901576
3,32, 0.034640108347
3,35,-0.002018260842
3,38,-0.008623007232
3,41, 0.000390314990
4,4, 0.547745461032
4,7, 0.136562503382
4,10, 0.025334727664
4,33, 0.016310517490
4,36, 0.076099979369
4,42,-0.043380987344
5,5, 0.547745461032
5,8, 0.136562503382
5,11, 0.025334727664
5,34, 0.016310517490
5,37, 0.076099979369
5,40,-0.043380987344
6,6, 0.547745461032
6,9, 0.136562503382
6,12, 0.025334727664
6,30, 0.063492558741
6,31, 0.155852481679
6,32, 0.114007532939
6,35,-0.081633172087
6,38,-0.260480423378
6,41, 0.079638346468
7,4, 0.136562503382
7,7, 0.139450000000
7,10, 0.055479231030
7,33, 0.011661369905
7,36, 0.044782797948
7,42,-0.007674639014
8,5, 0.136562503382
8,8, 0.139450000000
8,11, 0.055479231030
8,34, 0.011661369905
8,37, 0.044782797948
8,40,-0.007674639014
9,6, 0.136562503382
9,9, 0.139450000000
9,12, 0.055479231030
9,30, 0.044508905126
9,31, 0.091612949056
9,32, 0.097406270526
9,35,-0.006171358775
9,38,-0.016992338515
9,41,-0.002921631122
10,4, 0.025334727664
10,7, 0.055479231030
10,10, 0.051250000000
10,33, 0.002126904054
10,36, 0.009443565577
10,42,-0.000517118499
11,5, 0.025334727664
11,8, 0.055479231030
11,11, 0.051250000000
11,34, 0.002126904054
11,37, 0.009443565577
11,40,-0.000517118499
12,6, 0.025334727664
12,9, 0.055479231030
12,12, 0.051250000000
12,30, 0.008184627495
12,31, 0.020026693233
12,32, 0.032114599991
12,35, 0.000958312948
12,38, 0.004448085951
12,41,-0.000448781473
13,13, 0.655900000000
13,18, 0.288969341633
13,39, 0.043319696706
14,14, 0.655900000000
14,19, 0.288969341633
14,34, 0.104249880014
14,37, 0.268217284920
14,40,-0.153252376403
15,15, 0.655900000000
15,20, 0.288969341633
15,30, 0.225074253724
15,31, 0.285388335794
15,32, 0.097694985953
15,35,-0.166258803748
15,38,-0.222893209730
15,41, 0.045293812993
16,16, 0.655900000000
16,21, 0.288969341633
16,33, 0.104249880014
16,36, 0.268217284920
16,42,-0.153252376403
17,17, 0.655900000000
17,22, 0.288969341633
17,43, 0.043319696706
18,13, 0.288969341633
18,18, 0.280350000000
18,39, 0.019685842784
19,14, 0.288969341633
19,19, 0.280350000000
19,34, 0.046407000853
19,37, 0.144453188456
19,40,-0.018078236951
20,15, 0.288969341633
20,20, 0.280350000000
20,30, 0.101084259768
20,31, 0.162134956926
20,32, 0.098818152009
20,35, 0.001208826141
20,38, 0.025140524365
20,41,-0.008196080549
21,16, 0.288969341633
21,21, 0.280350000000
21,33, 0.046407000853
21,36, 0.144453188456
21,42,-0.018078236951
22,17, 0.288969341633
22,22, 0.280350000000
22,43, 0.019685842784
23,23, 0.823050000000
24,24, 0.823050000000
24,39, 0.144818657367
25,25, 0.823050000000
25,34, 0.231110954846
25,37, 0.433081077484
25,40,-0.177458710113
26,26, 0.823050000000
26,30, 0.346810378142
26,31, 0.304708378032
26,32, 0.056387708691
26,35,-0.104428620931
26,38,-0.012126205964
26,41,-0.001728003536
27,27, 0.823050000000
27,33, 0.231110954846
27,36, 0.433081077484
27,42,-0.177458710113
28,28, 0.823050000000
28,43, 0.144818657367
29,29, 0.823050000000
30,0,-0.014410126145
30,1, 0.022018871569
30,2, 0.018259447471
30,3, 0.008160323556
30,6, 0.063492558741
30,9, 0.044508905126
30,12, 0.008184627495
30,15, 0.225074253724
30,20, 0.101084259768
30,26, 0.346810378142
30,30, 2.304679571836
30,31, 0.549013001322
30,32, 0.106269592137
31,0,-0.025474653862
31,1, 0.025905208649
31,2, 0.043434182701
31,3, 0.020373901576
31,6, 0.155852481679
31,9, 0.091612949056
31,12, 0.020026693233
31,15, 0.285388335794
31,20, 0.162134956926
31,26, 0.304708378032
31,30, 0.549013001322
31,31, 0.488700000000
31,32, 0.184799949759
32,0, 0.017940346459
32,1,-0.023927689889
32,2, 0.061440987196
32,3, 0.034640108347
32,6, 0.114007532939
32,9, 0.097406270526
32,12, 0.032114599991
32,15, 0.097694985953
32,20, 0.098818152009
32,26, 0.056387708691
32,30, 0.106269592137
32,31, 0.184799949759
32,32, 0.154050000000
33,4, 0.016310517490
33,7, 0.011661369905
33,10, 0.002126904054
33,16, 0.104249880014
33,21, 0.046407000853
33,27, 0.231110954846
33,33, 3.517500000000
33,36, 0.935088056814
34,5, 0.016310517490
34,8, 0.011661369905
34,11, 0.002126904054
34,14, 0.104249880014
34,19, 0.046407000853
34,25, 0.231110954846
34,34, 3.517500000000
34,37, 0.935088056814
35,0, 0.022038435242
35,1,-0.027560135500
35,2,-0.014219530869
35,3,-0.002018260842
35,6,-0.081633172087
35,9,-0.006171358775
35,12, 0.000958312948
35,15,-0.166258803748
35,20, 0.001208826141
35,26,-0.104428620931
35,35, 3.517500000000
35,38, 0.935088056814
36,4, 0.076099979369
36,7, 0.044782797948
36,10, 0.009443565577
36,16, 0.268217284920
36,21, 0.144453188456
36,27, 0.433081077484
36,33, 0.935088056814
36,36, 0.970000000000
37,5, 0.076099979369
37,8, 0.044782797948
37,11, 0.009443565577
37,14, 0.268217284920
37,19, 0.144453188456
37,25, 0.433081077484
37,34, 0.935088056814
37,37, 0.970000000000
38,0, 0.014460547851
38,1, 0.004058806110
38,2,-0.051919115237
38,3,-0.008623007232
38,6,-0.260480423378
38,9,-0.016992338515
38,12, 0.004448085951
38,15,-0.222893209730
38,20, 0.025140524365
38,26,-0.012126205964
38,35, 0.935088056814
38,38, 0.970000000000
39,13, 0.043319696706
39,18, 0.019685842784
39,24, 0.144818657367
39,39, 3.699500000000
40,5,-0.043380987344
40,8,-0.007674639014
40,11,-0.000517118499
40,14,-0.153252376403
40,19,-0.018078236951
40,25,-0.177458710113
40,40, 3.699500000000
41,0,-0.036651322144
41,1, 0.024758703045
41,2, 0.007312190873
41,3, 0.000390314990
41,6, 0.079638346468
41,9,-0.002921631122
41,12,-0.000448781473
41,15, 0.045293812993
41,20,-0.008196080549
41,26,-0.001728003536
41,41, 3.699500000000
42,4,-0.043380987344
42,7,-0.007674639014
42,10,-0.000517118499
42,16,-0.153252376403
42,21,-0.018078236951
42,27,-0.177458710113
42,42, 3.699500000000
43,17, 0.043319696706
43,22, 0.019685842784
43,28, 0.144818657367
43,43, 3.699500000000
