0,0, 3.621951593953
0,1,-2.744461423402
0,2, 0.064333445574
0,3, 0.013203531534
0,30,-0.067873302541
0,31, 0.053675176970
0,32, 0.052573772086
0,35, 0.053910088931
0,38,-0.295417551049
0,41, 0.212547171502
1,0,-2.744461423402
1,1, 2.176253476137
1,2,-0.081421662226
1,3,-0.017339692965
1,30, 0.052400717074
1,31,-0.075093667338
1,32,-0.066762246580
1,35, 0.008892393533
1,38, 0.343755913302
1,41,-0.270252383602
2,0, 0.064333445574
2,1,-0.081421662226
2,2, 0.112635000000
2,3, 0.051962707439
2,30, 0.038730187635
2,31, 0.081317159212
2,32, 0.093828304640
2,35,-0.016631410266
2,38,-0.056534582537
2,41, 0.005273057271
3,0, 0.013203531534
3,1,-0.017339692965
3,2, 0.051962707439
3,3, 0.042480000000
3,30, 0.010582887545
3,31, 0.025998006475
3,32, 0.042560471348
3,35,-0.001652151489
3,38,-0.006983802733
3,41, 0.000207309097
4,4, 0.547745461032
4,7, 0.136562503382
4,10, 0.025334727664
4,33, 0.092028602961
4,36, 0.252827118956
4,42,-0.172061741545
5,5, 0.547745461032
5,8, 0.136562503382
5,11, 0.025334727664
5,34, 0.092028602961
5,37, 0.252827118956
5,40,-0.172061741545
6,6, 0.547745461032
6,9, 0.136562503382
6,12, 0.025334727664
6,30, 0.229823108001
6,31, 0.309528441393
6,32, 0.127915955558
6,35,-0.194914498177
6,38,-0.217405316882
6,41, 0.147443468537
7,4, 0.136562503382
7,7, 0.139450000000
7,10, 0.055479231030
7,33, 0.017744175930
7,36, 0.065462462944
7,42,-0.007374481536
8,5, 0.136562503382
8,8, 0.139450000000
8,11, 0.055479231030
8,34, 0.017744175930
8,37, 0.065462462944
8,40,-0.007374481536
9,6, 0.136562503382
9,9, 0.139450000000
9,12, 0.055479231030
9,30, 0.044753638594
9,31, 0.087875515423
9,32, 0.085187778038
9,35, 0.006339850780
9,38, 0.027322467617
9,41,-0.006065178858
10,4, 0.025334727664
10,7, 0.055479231030
10,10, 0.051250000000
10,33, 0.002478899149
10,36, 0.010944326063
10,42,-0.000393554610
11,5, 0.025334727664
11,8, 0.055479231030
11,11, 0.051250000000
11,34, 0.002478899149
11,37, 0.010944326063
11,40,-0.000393554610
12,6, 0.025334727664
12,9, 0.055479231030
12,12, 0.051250000000
12,30, 0.006316116973
12,31, 0.015350544035
12,32, 0.024203791667
12,35, 0.001889449688
12,38, 0.008437421700
12,41,-0.000405273569
13,13, 0.655900000000
13,18, 0.288969341633
13,39, 0.144175025110
14,14, 0.655900000000
14,19, 0.288969341633
14,34, 0.242516476619
14,37, 0.449974970280
14,40,-0.114155045726
15,15, 0.655900000000
15,20, 0.288969341633
15,30, 0.340322849364
15,31, 0.298908021611
15,32, 0.068525667073
15,35, 0.018767359261
15,38, 0.154469190800
15,41,-0.056451542292
16,16, 0.655900000000
16,21, 0.288969341633
16,33, 0.242516476619
16,36, 0.449974970280
16,42,-0.114155045726
17,17, 0.655900000000
17,22, 0.288969341633
17,43, 0.144175025110
18,13, 0.288969341633
18,18, 0.280350000000
18,39, 0.033417534945
19,14, 0.288969341633
19,19, 0.280350000000
19,34, 0.052694367336
19,37, 0.153035087368
19,40, 0.006216059505
20,15, 0.288969341633
20,20, 0.280350000000
20,30, 0.075726016515
20,31, 0.112029983855
20,32, 0.059384282880
20,35, 0.035630048923
20,38, 0.112738443431
20,41, 0.004109089054
21,16, 0.288969341633
21,21, 0.280350000000
21,33, 0.052694367336
21,36, 0.153035087368
21,42, 0.006216059505
22,17, 0.288969341633
22,22, 0.280350000000
22,43, 0.033417534945
23,23, 0.823050000000
24,24, 0.823050000000
24,39, 0.280496830590
25,25, 0.823050000000
25,34, 0.309826530143
25,37, 0.441691869983
25,40, 0.064798726164
26,26, 0.823050000000
26,30, 0.303693771704
26,31, 0.195607631052
26,32, 0.025356185311
26,35, 0.164524954339
26,38, 0.307556693782
26,41, 0.073190955807
27,27, 0.823050000000
27,33, 0.309826530143
27,36, 0.441691869983
27,42, 0.064798726164
28,28, 0.823050000000
28,43, 0.280496830590
29,29, 0.823050000000
30,0,-0.067873302541
30,1, 0.052400717074
30,2, 0.038730187635
30,3, 0.010582887545
30,6, 0.229823108001
30,9, 0.044753638594
30,12, 0.006316116973
30,15, 0.340322849364
30,20, 0.075726016515
30,26, 0.303693771704
30,30, 2.304679571836
30,31, 0.549013001322
30,32, 0.106269592137
31,0, 0.053675176970
31,1,-0.075093667338
31,2, 0.081317159212
31,3, 0.025998006475
31,6, 0.309528441393
31,9, 0.087875515423
31,12, 0.015350544035
31,15, 0.298908021611
31,20, 0.112029983855
31,26, 0.195607631052
31,30, 0.549013001322
31,31, 0.488700000000
31,32, 0.184799949759
32,0, 0.052573772086
32,1,-0.066762246580
32,2, 0.093828304640
32,3, 0.042560471348
32,6, 0.127915955558
32,9, 0.085187778038
32,12, 0.024203791667
32,15, 0.068525667073
32,20, 0.059384282880
32,26, 0.025356185311
32,30, 0.106269592137
32,31, 0.184799949759
32,32, 0.154050000000
33,4, 0.092028602961
33,7, 0.017744175930
33,10, 0.002478899149
33,16, 0.242516476619
33,21, 0.052694367336
33,27, 0.309826530143
33,33, 3.517500000000
33,36, 0.935088056814
34,5, 0.092028602961
34,8, 0.017744175930
34,11, 0.002478899149
34,14, 0.242516476619
34,19, 0.052694367336
34,25, 0.309826530143
34,34, 3.517500000000
34,37, 0.935088056814
35,0, 0.053910088931
35,1, 0.008892393533
35,2,-0.016631410266
35,3,-0.001652151489
35,6,-0.194914498177
35,9, 0.006339850780
35,12, 0.001889449688
35,15, 0.018767359261
35,20, 0.035630048923
35,26, 0.164524954339
35,35, 3.517500000000
35,38, 0.935088056814
36,4, 0.252827118956
36,7, 0.065462462944
36,10, 0.010944326063
36,16, 0.449974970280
36,21, 0.153035087368
36,27, 0.441691869983
36,33, 0.935088056814
36,36, 0.970000000000
37,5, 0.252827118956
37,8, 0.065462462944
37,11, 0.010944326063
37,14, 0.449974970280
37,19, 0.153035087368
37,25, 0.441691869983
37,34, 0.935088056814
37,37, 0.970000000000
38,0,-0.295417551049
38,1, 0.343755913302
38,2,-0.056534582537
38,3,-0.006983802733
38,6,-0.217405316882
38,9, 0.027322467617
38,12, 0.008437421700
38,15, 0.154469190800
38,20, 0.112738443431
38,26, 0.307556693782
38,35, 0.935088056814
38,38, 0.970000000000
39,13, 0.144175025110
39,18, 0.033417534945
39,24, 0.280496830590
39,39, 3.699500000000
40,5,-0.172061741545
40,8,-0.007374481536
40,11,-0.000393554610
40,14,-0.114155045726
40,19, 0.006216059505
40,25, 0.064798726164
40,40, 3.699500000000
41,0, 0.212547171502
41,1,-0.270252383602
41,2, 0.005273057271
41,3, 0.000207309097
41,6, 0.147443468537
41,9,-0.006065178858
41,12,-0.000405273569
41,15,-0.056451542292
41,20, 0.004109089054
41,26, 0.073190955807
41,41, 3.699500000000
42,4,-0.172061741545
42,7,-0.007374481536
42,10,-0.000393554610
42,16,-0.114155045726
42,21, 0.006216059505
42,27, 0.064798726164
42,42, 3.699500000000
43,17, 0.144175025110
43,22, 0.033417534945
43,28, 0.280496830590
43,43, 3.699500000000
