0,0, 3.621951593953
0,1,-2.744461423402
0,2, 0.064333445574
0,3, 0.013203531534
0,30,-0.000963300306
0,31,-0.010367432662
0,32,-0.002562795936
0,35, 0.001739669020
0,38, 0.020987157759
0,41,-0.004173423760
1,0,-2.744461423402
1,1, 2.176253476137
1,2,-0.081421662226
1,3,-0.017339692965
1,30, 0.002000434974
1,31, 0.014272366759
1,32, 0.002460475835
1,35,-0.003589517398
1,38,-0.026526764619
1,41, 0.007442690792
2,0, 0.064333445574
2,1,-0.081421662226
2,2, 0.112635000000
2,3, 0.051962707439
2,30, 0.002228480194
2,31, 0.010116694491
2,32, 0.026659974500
2,35,-0.006771517545
2,38,-0.028893414719
2,41, 0.005893162619
3,0, 0.013203531534
3,1,-0.017339692965
3,2, 0.051962707439
3,3, 0.042480000000
3,30, 0.005078980961
3,31, 0.013096366665
3,32, 0.023967972336
3,35,-0.001949290949
3,38,-0.008489600635
3,41, 0.000547965957
4,4, 0.547745461032
4,7, 0.136562503382
4,10, 0.025334727664
4,33,-0.001659540326
4,36, 0.003940080296
4,42,-0.005402304759
5,5, 0.547745461032
5,8, 0.136562503382
5,11, 0.025334727664
5,34,-0.001659540326
5,37, 0.003940080296
5,40,-0.005402304759
6,6, 0.547745461032
6,9, 0.136562503382
6,12, 0.025334727664
6,30,-0.008029743349
6,31, 0.018010575541
6,32, 0.060063845640
6,35,-0.017544030385
6,38,-0.094302152424
6,41, 0.032432000294
7,4, 0.136562503382
7,7, 0.139450000000
7,10, 0.055479231030
7,33, 0.005448374446
7,36, 0.022646208654
7,42,-0.005591306225
8,5, 0.136562503382
8,8, 0.139450000000
8,11, 0.055479231030
8,34, 0.005448374446
8,37, 0.022646208654
8,40,-0.005591306225
9,6, 0.136562503382
9,9, 0.139450000000
9,12, 0.055479231030
9,30, 0.029167935061
9,31, 0.065860830401
9,32, 0.083393512136
9,35,-0.012530337665
9,38,-0.043749449825
9,41, 0.002378375958
10,4, 0.025334727664
10,7, 0.055479231030
10,10, 0.051250000000
10,33, 0.001633382852
10,36, 0.007324927736
10,42,-0.000569425072
11,5, 0.025334727664
11,8, 0.055479231030
11,11, 0.051250000000
11,34, 0.001633382852
11,37, 0.007324927736
11,40,-0.000569425072
12,6, 0.025334727664
12,9, 0.055479231030
12,12, 0.051250000000
12,30, 0.008780156416
12,31, 0.021741074098
12,32, 0.035911479418
12,35,-0.000161046748
12,38,-0.000414006366
12,41,-0.000334872786
13,13, 0.655900000000
13,18, 0.288969341633
13,39, 0.002891393508
14,14, 0.655900000000
14,19, 0.288969341633
14,34, 0.007519317291
14,37, 0.060685462747
14,40,-0.044696674632
15,15, 0.655900000000
15,20, 0.288969341633
15,30, 0.025254572898
15,31, 0.104496360342
15,32, 0.082980469671
15,35,-0.077899954522
15,38,-0.234375994272
15,41, 0.092794066564
16,16, 0.655900000000
16,21, 0.288969341633
16,33, 0.007519317291
16,36, 0.060685462747
16,42,-0.044696674632
17,17, 0.655900000000
17,22, 0.288969341633
17,43, 0.002891393508
18,13, 0.288969341633
18,18, 0.280350000000
18,39, 0.007653176804
19,14, 0.288969341633
19,19, 0.280350000000
19,34, 0.024711976005
19,37, 0.087822742840
19,40,-0.023343931172
20,15, 0.288969341633
20,20, 0.280350000000
20,30, 0.075733068366
20,31, 0.141658374231
20,32, 0.111507387783
20,35,-0.030502531240
20,38,-0.077866724502
20,41, 0.003882143674
21,16, 0.288969341633
21,21, 0.280350000000
21,33, 0.024711976005
21,36, 0.087822742840
21,42,-0.023343931172
22,17, 0.288969341633
22,22, 0.280350000000
22,43, 0.007653176804
23,23, 0.823050000000
24,24, 0.823050000000
24,39, 0.026585703919
25,25, 0.823050000000
25,34, 0.053329884198
25,37, 0.182746083463
25,40,-0.123276498236
26,26, 0.823050000000
26,30, 0.116158508300
26,31, 0.198917755452
26,32, 0.071905705743
26,35,-0.151462794523
26,38,-0.274897546568
26,41, 0.108493284932
27,27, 0.823050000000
27,33, 0.053329884198
27,36, 0.182746083463
27,42,-0.123276498236
28,28, 0.823050000000
28,43, 0.026585703919
29,29, 0.823050000000
30,0,-0.000963300306
30,1, 0.002000434974
30,2, 0.002228480194
30,3, 0.005078980961
30,6,-0.008029743349
30,9, 0.029167935061
30,12, 0.008780156416
30,15, 0.025254572898
30,20, 0.075733068366
30,26, 0.116158508300
30,30, 2.304679571836
30,31, 0.549013001322
30,32, 0.106269592137
31,0,-0.010367432662
31,1, 0.014272366759
31,2, 0.010116694491
31,3, 0.013096366665
31,6, 0.018010575541
31,9, 0.065860830401
31,12, 0.021741074098
31,15, 0.104496360342
31,20, 0.141658374231
31,26, 0.198917755452
31,30, 0.549013001322
31,31, 0.488700000000
31,32, 0.184799949759
32,0,-0.002562795936
32,1, 0.002460475835
32,2, 0.026659974500
32,3, 0.023967972336
32,6, 0.060063845640
32,9, 0.083393512136
32,12, 0.035911479418
32,15, 0.082980469671
32,20, 0.111507387783
32,26, 0.071905705743
32,30, 0.106269592137
32,31, 0.184799949759
32,32, 0.154050000000
33,4,-0.001659540326
33,7, 0.005448374446
33,10, 0.001633382852
33,16, 0.007519317291
33,21, 0.024711976005
33,27, 0.053329884198
33,33, 3.517500000000
33,36, 0.935088056814
34,5,-0.001659540326
34,8, 0.005448374446
34,11, 0.001633382852
34,14, 0.007519317291
34,19, 0.024711976005
34,25, 0.053329884198
34,34, 3.517500000000
34,37, 0.935088056814
35,0, 0.001739669020
35,1,-0.003589517398
35,2,-0.006771517545
35,3,-0.001949290949
35,6,-0.017544030385
35,9,-0.012530337665
35,12,-0.000161046748
35,15,-0.077899954521
35,20,-0.030502531240
35,26,-0.151462794523
35,35, 3.517500000000
35,38, 0.935088056814
36,4, 0.003940080296
36,7, 0.022646208654
36,10, 0.007324927736
36,16, 0.060685462747
36,21, 0.087822742840
36,27, 0.182746083463
36,33, 0.935088056814
36,36, 0.970000000000
37,5, 0.003940080296
37,8, 0.022646208654
37,11, 0.007324927736
37,14, 0.060685462747
37,19, 0.087822742840
37,25, 0.182746083463
37,34, 0.935088056814
37,37, 0.970000000000
38,0, 0.020987157759
38,1,-0.026526764619
38,2,-0.028893414719
38,3,-0.008489600635
38,6,-0.094302152424
38,9,-0.043749449825
38,12,-0.000414006366
38,15,-0.234375994272
38,20,-0.077866724502
38,26,-0.274897546568
38,35, 0.935088056814
38,38, 0.970000000000
39,13, 0.002891393508
39,18, 0.007653176804
39,24, 0.026585703919
39,39, 3.699500000000
40,5,-0.005402304759
40,8,-0.005591306225
40,11,-0.000569425072
40,14,-0.044696674632
40,19,-0.023343931172
40,25,-0.123276498236
40,40, 3.699500000000
41,0,-0.004173423760
41,1, 0.007442690792
41,2, 0.005893162619
41,3, 0.000547965957
41,6, 0.032432000294
41,9, 0.002378375958
41,12,-0.000334872786
41,15, 0.092794066564
41,20, 0.003882143674
41,26, 0.108493284932
41,41, 3.699500000000
42,4,-0.005402304759
42,7,-0.005591306225
42,10,-0.000569425072
42,16,-0.044696674632
42,21,-0.023343931172
42,27,-0.123276498236
42,42, 3.699500000000
43,17, 0.002891393508
43,22, 0.007653176804
43,28, 0.026585703919
43,43, 3.699500000000
