0,0, 3.621951593953
0,1,-2.744461423402
0,2, 0.064333445574
0,3, 0.013203531534
0,30,-0.001570848008
0,31,-0.013344527882
0,32,-0.000738470963
0,35, 0.002737002975
0,38, 0.026173386174
0,41,-0.006244897327
1,0,-2.744461423402
1,1, 2.176253476137
1,2,-0.081421662226
1,3,-0.017339692965
1,30, 0.003190548514
1,31, 0.017675733962
1,32, 0.000013087190
1,35,-0.005472910624
1,38,-0.031012364739
1,41, 0.010212804124
2,0, 0.064333445574
2,1,-0.081421662226
2,2, 0.112635000000
2,3, 0.051962707439
2,30, 0.004070210096
2,31, 0.014300982635
2,32, 0.031668995818
2,35,-0.008015454411
2,38,-0.033042086578
2,41, 0.006349586858
3,0, 0.013203531534
3,1,-0.017339692965
3,2, 0.051962707439
3,3, 0.042480000000
3,30, 0.005571186736
3,31, 0.014270546662
3,32, 0.025730266623
3,35,-0.001993079208
3,38,-0.008648226351
3,41, 0.000529890951
4,4, 0.547745461032
4,7, 0.136562503382
4,10, 0.025334727664
4,33,-0.000682868591
4,36, 0.009350096949
4,42,-0.008654137467
5,5, 0.547745461032
5,8, 0.136562503382
5,11, 0.025334727664
5,34,-0.000682868591
5,37, 0.009350096949
5,40,-0.008654137467
6,6, 0.547745461032
6,9, 0.136562503382
6,12, 0.025334727664
6,30,-0.002575079864
6,31, 0.032587775845
6,32, 0.069456014239
6,35,-0.025996329540
6,38,-0.120025279176
6,41, 0.038280824687
7,4, 0.136562503382
7,7, 0.139450000000
7,10, 0.055479231030
7,33, 0.006318678808
7,36, 0.025839810165
7,42,-0.006033374968
8,5, 0.136562503382
8,8, 0.139450000000
8,11, 0.055479231030
8,34, 0.006318678808
8,37, 0.025839810165
8,40,-0.006033374968
9,6, 0.136562503382
9,9, 0.139450000000
9,12, 0.055479231030
9,30, 0.032222480852
9,31, 0.071389730031
9,32, 0.087294424323
9,35,-0.012211095439
9,38,-0.041742989754
9,41, 0.001616250576
10,4, 0.025334727664
10,7, 0.055479231030
10,10, 0.051250000000
10,33, 0.001716755848
10,36, 0.007684192590
10,42,-0.000567662012
11,5, 0.025334727664
11,8, 0.055479231030
11,11, 0.051250000000
11,34, 0.001716755848
11,37, 0.007684192590
11,40,-0.000567662012
12,6, 0.025334727664
12,9, 0.055479231030
12,12, 0.051250000000
12,30, 0.008798148812
12,31, 0.021736223712
12,32, 0.035701680449
12,35, 0.000010714526
12,38, 0.000338725056
12,41,-0.000363817327
13,13, 0.655900000000
13,18, 0.288969341633
13,39, 0.005592333521
14,14, 0.655900000000
14,19, 0.288969341633
14,34, 0.015412320089
14,37, 0.084603262484
14,40,-0.060646512479
15,15, 0.655900000000
15,20, 0.288969341633
15,30, 0.047078570458
15,31, 0.133854065599
15,32, 0.088470419847
15,35,-0.100383244906
15,38,-0.260662904974
15,41, 0.100208563566
16,16, 0.655900000000
16,21, 0.288969341633
16,33, 0.015412320089
16,36, 0.084603262484
16,42,-0.060646512479
17,17, 0.655900000000
17,22, 0.288969341633
17,43, 0.005592333521
18,13, 0.288969341633
18,18, 0.280350000000
18,39, 0.009183904388
19,14, 0.288969341633
19,19, 0.280350000000
19,34, 0.028385430374
19,37, 0.098214352639
19,40,-0.024030901401
20,15, 0.288969341633
20,20, 0.280350000000
20,30, 0.082812703030
20,31, 0.150182240602
20,32, 0.112435613325
20,35,-0.027737277722
20,38,-0.066257781784
20,41, 0.001144650580
21,16, 0.288969341633
21,21, 0.280350000000
21,33, 0.028385430374
21,36, 0.098214352639
21,42,-0.024030901401
22,17, 0.288969341633
22,22, 0.280350000000
22,43, 0.009183904388
23,23, 0.823050000000
24,24, 0.823050000000
24,39, 0.038276123452
25,25, 0.823050000000
25,34, 0.075115732916
25,37, 0.224144935735
25,40,-0.146018859463
26,26, 0.823050000000
26,30, 0.154429296196
26,31, 0.227636050820
26,32, 0.071956204080
26,35,-0.168672371321
26,38,-0.266545394190
26,41, 0.100060745264
27,27, 0.823050000000
27,33, 0.075115732916
27,36, 0.224144935735
27,42,-0.146018859463
28,28, 0.823050000000
28,43, 0.038276123452
29,29, 0.823050000000
30,0,-0.001570848008
30,1, 0.003190548514
30,2, 0.004070210096
30,3, 0.005571186736
30,6,-0.002575079864
30,9, 0.032222480852
30,12, 0.008798148812
30,15, 0.047078570458
30,20, 0.082812703030
30,26, 0.154429296196
30,30, 2.304679571836
30,31, 0.549013001322
30,32, 0.106269592137
31,0,-0.013344527882
31,1, 0.017675733962
31,2, 0.014300982635
31,3, 0.014270546662
31,6, 0.032587775845
31,9, 0.071389730031
31,12, 0.021736223712
31,15, 0.133854065599
31,20, 0.150182240602
31,26, 0.227636050820
31,30, 0.549013001322
31,31, 0.488700000000
31,32, 0.184799949759
32,0,-0.000738470963
32,1, 0.000013087190
32,2, 0.031668995818
32,3, 0.025730266623
32,6, 0.069456014239
32,9, 0.087294424323
32,12, 0.035701680449
32,15, 0.088470419847
32,20, 0.112435613325
32,26, 0.071956204080
32,30, 0.106269592137
32,31, 0.184799949759
32,32, 0.154050000000
33,4,-0.000682868591
33,7, 0.006318678808
33,10, 0.001716755848
33,16, 0.015412320089
33,21, 0.028385430374
33,27, 0.075115732916
33,33, 3.517500000000
33,36, 0.935088056814
34,5,-0.000682868591
34,8, 0.006318678808
34,11, 0.001716755848
34,14, 0.015412320089
34,19, 0.028385430374
34,25, 0.075115732916
34,34, 3.517500000000
34,37, 0.935088056814
35,0, 0.002737002975
35,1,-0.005472910624
35,2,-0.008015454411
35,3,-0.001993079208
35,6,-0.025996329540
35,9,-0.012211095439
35,12, 0.000010714526
35,15,-0.100383244906
35,20,-0.027737277722
35,26,-0.168672371321
35,35, 3.517500000000
35,38, 0.935088056814
36,4, 0.009350096949
36,7, 0.025839810165
36,10, 0.007684192590
36,16, 0.084603262484
36,21, 0.098214352639
36,27, 0.224144935735
36,33, 0.935088056814
36,36, 0.970000000000
37,5, 0.009350096949
37,8, 0.025839810165
37,11, 0.007684192590
37,14, 0.084603262484
37,19, 0.098214352639
37,25, 0.224144935735
37,34, 0.935088056814
37,37, 0.970000000000
38,0, 0.026173386174
38,1,-0.031012364739
38,2,-0.033042086578
38,3,-0.008648226351
38,6,-0.120025279176
38,9,-0.041742989754
38,12, 0.000338725056
38,15,-0.260662904974
38,20,-0.066257781784
38,26,-0.266545394190
38,35, 0.935088056814
38,38, 0.970000000000
39,13, 0.005592333521
39,18, 0.009183904388
39,24, 0.038276123452
39,39, 3.699500000000
40,5,-0.008654137467
40,8,-0.006033374968
40,11,-0.000567662012
40,14,-0.060646512479
40,19,-0.024030901401
40,25,-0.146018859463
40,40, 3.699500000000
41,0,-0.006244897327
41,1, 0.010212804124
41,2, 0.006349586858
41,3, 0.000529890951
41,6, 0.038280824687
41,9, 0.001616250576
41,12,-0.000363817327
41,15, 0.100208563566
41,20, 0.001144650581
41,26, 0.100060745264
41,41, 3.699500000000
42,4,-0.008654137467
42,7,-0.006033374968
42,10,-0.000567662012
42,16,-0.060646512479
42,21,-0.024030901401
42,27,-0.146018859463
42,42, 3.699500000000
43,17, 0.005592333521
43,22, 0.009183904388
43,28, 0.038276123452
43,43, 3.699500000000
