0,0, 3.621951593953
0,1,-2.744461423402
0,2, 0.064333445574
0,3, 0.013203531534
0,30,-0.042746446400
0,31, 0.140193396198
0,32, 0.067632115009
0,35,-0.149671123619
0,38,-0.494017331146
0,41, 0.771620736619
1,0,-2.744461423402
1,1, 2.176253476137
1,2,-0.081421662226
1,3,-0.017339692965
1,30,-0.004822319431
1,31,-0.171884979979
1,32,-0.085110567618
1,35, 0.230839710994
1,38, 0.533428693932
1,41,-0.718943737793
2,0, 0.064333445574
2,1,-0.081421662226
2,2, 0.112635000000
2,3, 0.051962707439
2,30, 0.046700070902
2,31, 0.095373175092
2,32, 0.104854135666
2,35,-0.015556785090
2,38,-0.051922527774
2,41, 0.003899955780
3,0, 0.013203531534
3,1,-0.017339692965
3,2, 0.051962707439
3,3, 0.042480000000
3,30, 0.011347407863
3,31, 0.027759030926
3,32, 0.044994978829
3,35,-0.001407312587
3,38,-0.005931726334
3,41, 0.000141206703
4,4, 0.547745461032
4,7, 0.136562503382
4,10, 0.025334727664
4,33, 0.166779249543
4,36, 0.351802921392
4,42,-0.267618612009
5,5, 0.547745461032
5,8, 0.136562503382
5,11, 0.025334727664
5,34, 0.166779249543
5,37, 0.351802921392
5,40,-0.267618612009
6,6, 0.547745461032
6,9, 0.136562503382
6,12, 0.025334727664
6,30, 0.328118638976
6,31, 0.335185221164
6,32, 0.118457528991
6,35,-0.226031417152
6,38,-0.075252303806
6,41, 0.089916638798
7,4, 0.136562503382
7,7, 0.139450000000
7,10, 0.055479231030
7,33, 0.019868497064
7,36, 0.072532770483
7,42,-0.006561818439
8,5, 0.136562503382
8,8, 0.139450000000
8,11, 0.055479231030
8,34, 0.019868497064
8,37, 0.072532770483
8,40,-0.006561818439
9,6, 0.136562503382
9,9, 0.139450000000
9,12, 0.055479231030
9,30, 0.040261505205
9,31, 0.078083229351
9,32, 0.073862597362
9,35, 0.011700045825
9,38, 0.045472034872
9,41,-0.006175584052
10,4, 0.025334727664
10,7, 0.055479231030
10,10, 0.051250000000
10,33, 0.002585174988
10,36, 0.011395993873
10,42,-0.000328716509
11,5, 0.025334727664
11,8, 0.055479231030
11,11, 0.051250000000
11,34, 0.002585174988
11,37, 0.011395993873
11,40,-0.000328716509
12,6, 0.025334727664
12,9, 0.055479231030
12,12, 0.051250000000
12,30, 0.005294892537
12,31, 0.012844956709
12,32, 0.020160270247
12,35, 0.002189301811
12,38, 0.009714720636
12,41,-0.000353081272
13,13, 0.655900000000
13,18, 0.288969341633
13,39, 0.197291243192
14,14, 0.655900000000
14,19, 0.288969341633
14,34, 0.270230889111
14,37, 0.462948196573
14,40,-0.026632955079
15,15, 0.655900000000
15,20, 0.288969341633
15,30, 0.303599365634
15,31, 0.243567770744
15,32, 0.050309757843
15,35, 0.127818330392
15,38, 0.295387539244
15,41,-0.021666453101
16,16, 0.655900000000
16,21, 0.288969341633
16,33, 0.270230889111
16,36, 0.462948196573
16,42,-0.026632955079
17,17, 0.655900000000
17,22, 0.288969341633
17,43, 0.197291243192
18,13, 0.288969341633
18,18, 0.280350000000
18,39, 0.038569494579
19,14, 0.288969341633
19,19, 0.280350000000
19,34, 0.049020646980
19,37, 0.139771779530
19,40, 0.018439994461
20,15, 0.288969341633
20,20, 0.280350000000
20,30, 0.056575616002
20,31, 0.081921095600
20,32, 0.041827902202
20,35, 0.041566014923
20,38, 0.123896851879
20,41, 0.015042621224
21,16, 0.288969341633
21,21, 0.280350000000
21,33, 0.049020646980
21,36, 0.139771779530
21,42, 0.018439994461
22,17, 0.288969341633
22,22, 0.280350000000
22,43, 0.038569494579
23,23, 0.823050000000
24,24, 0.823050000000
24,39, 0.300579297350
25,25, 0.823050000000
25,34, 0.269931272061
25,37, 0.358525405051
25,40, 0.181688494919
26,26, 0.823050000000
26,30, 0.212014482080
26,31, 0.125946153510
26,32, 0.014845902441
26,35, 0.211044273081
26,38, 0.317738355455
26,41, 0.169492406511
27,27, 0.823050000000
27,33, 0.269931272061
27,36, 0.358525405051
27,42, 0.181688494919
28,28, 0.823050000000
28,43, 0.300579297350
29,29, 0.823050000000
30,0,-0.042746446400
30,1,-0.004822319431
30,2, 0.046700070902
30,3, 0.011347407863
30,6, 0.328118638976
30,9, 0.040261505205
30,12, 0.005294892537
30,15, 0.303599365634
30,20, 0.056575616002
30,26, 0.212014482080
30,30, 2.304679571836
30,31, 0.549013001322
30,32, 0.106269592137
31,0, 0.140193396198
31,1,-0.171884979979
31,2, 0.095373175092
31,3, 0.027759030926
31,6, 0.335185221164
31,9, 0.078083229351
31,12, 0.012844956709
31,15, 0.243567770744
31,20, 0.081921095600
31,26, 0.125946153510
31,30, 0.549013001322
31,31, 0.488700000000
31,32, 0.184799949759
32,0, 0.067632115009
32,1,-0.085110567618
32,2, 0.104854135666
32,3, 0.044994978829
32,6, 0.118457528991
32,9, 0.073862597362
32,12, 0.020160270247
32,15, 0.050309757843
32,20, 0.041827902202
32,26, 0.014845902441
32,30, 0.106269592137
32,31, 0.184799949759
32,32, 0.154050000000
33,4, 0.166779249543
33,7, 0.019868497064
33,10, 0.002585174988
33,16, 0.270230889111
33,21, 0.049020646980
33,27, 0.269931272061
33,33, 3.517500000000
33,36, 0.935088056814
34,5, 0.166779249543
34,8, 0.019868497064
34,11, 0.002585174988
34,14, 0.270230889111
34,19, 0.049020646980
34,25, 0.269931272061
34,34, 3.517500000000
34,37, 0.935088056814
35,0,-0.149671123619
35,1, 0.230839710994
35,2,-0.015556785090
35,3,-0.001407312587
35,6,-0.226031417152
35,9, 0.011700045825
35,12, 0.002189301811
35,15, 0.127818330392
35,20, 0.041566014923
35,26, 0.211044273081
35,35, 3.517500000000
35,38, 0.935088056814
36,4, 0.351802921392
36,7, 0.072532770483
36,10, 0.011395993873
36,16, 0.462948196573
36,21, 0.139771779530
36,27, 0.358525405051
36,33, 0.935088056814
36,36, 0.970000000000
37,5, 0.351802921392
37,8, 0.072532770483
37,11, 0.011395993873
37,14, 0.462948196573
37,19, 0.139771779530
37,25, 0.358525405051
37,34, 0.935088056814
37,37, 0.970000000000
38,0,-0.494017331146
38,1, 0.533428693932
38,2,-0.051922527774
38,3,-0.005931726334
38,6,-0.075252303806
38,9, 0.045472034872
38,12, 0.009714720636
38,15, 0.295387539244
38,20, 0.123896851879
38,26, 0.317738355455
38,35, 0.935088056814
38,38, 0.970000000000
39,13, 0.197291243192
39,18, 0.038569494579
39,24, 0.300579297350
39,39, 3.699500000000
40,5,-0.267618612009
40,8,-0.006561818439
40,11,-0.000328716509
40,14,-0.026632955079
40,19, 0.018439994461
40,25, 0.181688494919
40,40, 3.699500000000
41,0, 0.771620736619
41,1,-0.718943737793
41,2, 0.003899955780
41,3, 0.000141206703
41,6, 0.089916638798
41,9,-0.006175584052
41,12,-0.000353081272
41,15,-0.021666453101
41,20, 0.015042621224
41,26, 0.169492406511
41,41, 3.699500000000
42,4,-0.267618612009
42,7,-0.006561818439
42,10,-0.000328716509
42,16,-0.026632955079
42,21, 0.018439994461
42,27, 0.181688494919
42,42, 3.699500000000
43,17, 0.197291243192
43,22, 0.038569494579
43,28, 0.300579297350
43,43, 3.699500000000
