0,0, 3.621951593953
0,1,-2.744461423402
0,2, 0.064333445574
0,3, 0.013203531534
0,30,-0.026380935789
0,31,-0.018650954769
0,32, 0.027231011234
0,35, 0.039061793316
0,38,-0.034596102931
0,41,-0.043642679534
1,0,-2.744461423402
1,1, 2.176253476137
1,2,-0.081421662226
1,3,-0.017339692965
1,30, 0.034335308797
1,31, 0.014225156574
1,32,-0.035537921785
1,35,-0.037132198631
1,38, 0.066203899350
1,41, 0.010405215256
2,0, 0.064333445574
2,1,-0.081421662226
2,2, 0.112635000000
2,3, 0.051962707439
2,30, 0.024169963446
2,31, 0.054708442911
2,32, 0.071590563128
2,35,-0.015621333317
2,38,-0.055562410803
2,41, 0.007003051896
3,0, 0.013203531534
3,1,-0.017339692965
3,2, 0.051962707439
3,3, 0.042480000000
3,30, 0.008952886176
3,31, 0.022221847240
3,32, 0.037269065050
3,35,-0.001949061601
3,38,-0.008295787942
3,41, 0.000335254811
4,4, 0.547745461032
4,7, 0.136562503382
4,10, 0.025334727664
4,33, 0.029100823090
4,36, 0.116741128908
4,42,-0.066890677756
5,5, 0.547745461032
5,8, 0.136562503382
5,11, 0.025334727664
5,34, 0.029100823090
5,37, 0.116741128908
5,40,-0.066890677756
6,6, 0.547745461032
6,9, 0.136562503382
6,12, 0.025334727664
6,30, 0.100739339056
6,31, 0.206889719263
6,32, 0.123302041016
6,35,-0.107730843062
6,38,-0.284764938234
6,41, 0.105526579177
7,4, 0.136562503382
7,7, 0.139450000000
7,10, 0.055479231030
7,33, 0.013540437112
7,36, 0.051250512843
7,42,-0.007843923745
8,5, 0.136562503382
8,8, 0.139450000000
8,11, 0.055479231030
8,34, 0.013540437112
8,37, 0.051250512843
8,40,-0.007843923745
9,6, 0.136562503382
9,9, 0.139450000000
9,12, 0.055479231030
9,30, 0.046272615258
9,31, 0.093635908748
9,32, 0.096310691383
9,35,-0.002820180883
9,38,-0.004718995689
9,41,-0.004221110774
10,4, 0.025334727664
10,7, 0.055479231030
10,10, 0.051250000000
10,33, 0.002244883465
10,36, 0.009947443449
10,42,-0.000486602340
11,5, 0.025334727664
11,8, 0.055479231030
11,11, 0.051250000000
11,34, 0.002244883465
11,37, 0.009947443449
11,40,-0.000486602340
12,6, 0.025334727664
12,9, 0.055479231030
12,12, 0.051250000000
12,30, 0.007740230277
12,31, 0.018894017300
12,32, 0.030117763350
12,35, 0.001259268688
12,38, 0.005741749051
12,41,-0.000450087428
13,13, 0.655900000000
13,18, 0.288969341633
13,39, 0.067047102908
14,14, 0.655900000000
14,19, 0.288969341633
14,34, 0.147612152427
14,37, 0.335607141953
14,40,-0.166632491924
15,15, 0.655900000000
15,20, 0.288969341633
15,30, 0.283448384786
15,31, 0.313061042836
15,32, 0.092639532207
15,35,-0.140121173316
15,38,-0.132525114672
15,41, 0.001835585653
16,16, 0.655900000000
16,21, 0.288969341633
16,33, 0.147612152427
16,36, 0.335607141953
16,42,-0.166632491924
17,17, 0.655900000000
17,22, 0.288969341633
17,43, 0.067047102908
18,13, 0.288969341633
18,18, 0.280350000000
18,39, 0.023751676671
19,14, 0.288969341633
19,19, 0.280350000000
19,34, 0.050352633755
19,37, 0.152880120765
19,40,-0.012378512608
20,15, 0.288969341633
20,20, 0.280350000000
20,30, 0.098144587622
20,31, 0.152919970663
20,32, 0.088675230313
20,35, 0.013091966623
20,38, 0.057430783206
20,41,-0.007286386104
21,16, 0.288969341633
21,21, 0.280350000000
21,33, 0.050352633755
21,36, 0.152880120765
21,42,-0.012378512608
22,17, 0.288969341633
22,22, 0.280350000000
22,43, 0.023751676671
23,23, 0.823050000000
24,24, 0.823050000000
24,39, 0.190423480557
25,25, 0.823050000000
25,34, 0.276757132317
25,37, 0.469393365062
25,40,-0.131592491289
26,26, 0.823050000000
26,30, 0.370190733147
26,31, 0.290547336645
26,32, 0.047336538407
26,35,-0.024943281549
26,38, 0.109842528798
26,41,-0.014356740479
27,27, 0.823050000000
27,33, 0.276757132317
27,36, 0.469393365062
27,42,-0.131592491289
28,28, 0.823050000000
28,43, 0.190423480557
29,29, 0.823050000000
30,0,-0.026380935789
30,1, 0.034335308797
30,2, 0.024169963446
30,3, 0.008952886176
30,6, 0.100739339056
30,9, 0.046272615258
30,12, 0.007740230277
30,15, 0.283448384786
30,20, 0.098144587622
30,26, 0.370190733147
30,30, 2.304679571836
30,31, 0.549013001322
30,32, 0.106269592137
31,0,-0.018650954769
31,1, 0.014225156574
31,2, 0.054708442911
31,3, 0.022221847240
31,6, 0.206889719263
31,9, 0.093635908748
31,12, 0.018894017300
31,15, 0.313061042836
31,20, 0.152919970663
31,26, 0.290547336645
31,30, 0.549013001322
31,31, 0.488700000000
31,32, 0.184799949759
32,0, 0.027231011234
32,1,-0.035537921785
32,2, 0.071590563128
32,3, 0.037269065050
32,6, 0.123302041016
32,9, 0.096310691383
32,12, 0.030117763350
32,15, 0.092639532207
32,20, 0.088675230313
32,26, 0.047336538407
32,30, 0.106269592137
32,31, 0.184799949759
32,32, 0.154050000000
33,4, 0.029100823090
33,7, 0.013540437112
33,10, 0.002244883465
33,16, 0.147612152427
33,21, 0.050352633755
33,27, 0.276757132317
33,33, 3.517500000000
33,36, 0.935088056814
34,5, 0.029100823090
34,8, 0.013540437112
34,11, 0.002244883465
34,14, 0.147612152427
34,19, 0.050352633755
34,25, 0.276757132317
34,34, 3.517500000000
34,37, 0.935088056814
35,0, 0.039061793316
35,1,-0.037132198631
35,2,-0.015621333317
35,3,-0.001949061601
35,6,-0.107730843061
35,9,-0.002820180883
35,12, 0.001259268688
35,15,-0.140121173316
35,20, 0.013091966623
35,26,-0.024943281549
35,35, 3.517500000000
35,38, 0.935088056814
36,4, 0.116741128908
36,7, 0.051250512843
36,10, 0.009947443449
36,16, 0.335607141953
36,21, 0.152880120765
36,27, 0.469393365062
36,33, 0.935088056814
36,36, 0.970000000000
37,5, 0.116741128908
37,8, 0.051250512843
37,11, 0.009947443449
37,14, 0.335607141953
37,19, 0.152880120765
37,25, 0.469393365062
37,34, 0.935088056814
37,37, 0.970000000000
38,0,-0.034596102931
38,1, 0.066203899350
38,2,-0.055562410803
38,3,-0.008295787942
38,6,-0.284764938234
38,9,-0.004718995689
38,12, 0.005741749051
38,15,-0.132525114672
38,20, 0.057430783206
38,26, 0.109842528798
38,35, 0.935088056814
38,38, 0.970000000000
39,13, 0.067047102908
39,18, 0.023751676671
39,24, 0.190423480557
39,39, 3.699500000000
40,5,-0.066890677756
40,8,-0.007843923745
40,11,-0.000486602340
40,14,-0.166632491924
40,19,-0.012378512608
40,25,-0.131592491289
40,40, 3.699500000000
41,0,-0.043642679534
41,1, 0.010405215256
41,2, 0.007003051896
41,3, 0.000335254811
41,6, 0.105526579177
41,9,-0.004221110774
41,12,-0.000450087428
41,15, 0.001835585653
41,20,-0.007286386104
41,26,-0.014356740479
41,41, 3.699500000000
42,4,-0.066890677756
42,7,-0.007843923745
42,10,-0.000486602340
42,16,-0.166632491924
42,21,-0.012378512608
42,27,-0.131592491289
42,42, 3.699500000000
43,17, 0.067047102908
43,22, 0.023751676671
43,28, 0.190423480557
43,43, 3.699500000000
