0,0, 3.621951593953
0,1,-2.744461423402
0,2, 0.064333445574
0,3, 0.013203531534
0,30,-0.028094571677
0,31, 0.155925427980
0,32, 0.069840392048
0,35,-0.214968481058
0,38,-0.521461796207
0,41, 0.880698884483
1,0,-2.744461423402
1,1, 2.176253476137
1,2,-0.081421662226
1,3,-0.017339692965
1,30,-0.024272037503
1,31,-0.189025256373
1,32,-0.087791583065
1,35, 0.290214157377
1,38, 0.558390800699
1,41,-0.799900695845
2,0, 0.064333445574
2,1,-0.081421662226
2,2, 0.112635000000
2,3, 0.051962707439
2,30, 0.047837662823
2,31, 0.097356006019
2,32, 0.106377066830
2,35,-0.015286141980
2,38,-0.050898721923
2,41, 0.003684186081
3,0, 0.013203531534
3,1,-0.017339692965
3,2, 0.051962707439
3,3, 0.042480000000
3,30, 0.011451062003
3,31, 0.027997333545
3,32, 0.045322924247
3,35,-0.001366131450
3,38,-0.005755985270
3,41, 0.000131968716
4,4, 0.547745461032
4,7, 0.136562503382
4,10, 0.025334727664
4,33, 0.181685673876
4,36, 0.367494450078
4,42,-0.283124491950
5,5, 0.547745461032
5,8, 0.136562503382
5,11, 0.025334727664
5,34, 0.181685673876
5,37, 0.367494450078
5,40,-0.283124491950
6,6, 0.547745461032
6,9, 0.136562503382
6,12, 0.025334727664
6,30, 0.343056802568
6,31, 0.335814246401
6,32, 0.116248409524
6,35,-0.225122645150
6,38,-0.047299601060
6,41, 0.072120048849
7,4, 0.136562503382
7,7, 0.139450000000
7,10, 0.055479231030
7,33, 0.020163858233
7,36, 0.073510648054
7,42,-0.006406269229
8,5, 0.136562503382
8,8, 0.139450000000
8,11, 0.055479231030
8,34, 0.020163858233
8,37, 0.073510648054
8,40,-0.006406269229
9,6, 0.136562503382
9,9, 0.139450000000
9,12, 0.055479231030
9,30, 0.039362079087
9,31, 0.076216429165
9,32, 0.071867279969
9,35, 0.012479502606
9,38, 0.048085058931
9,41,-0.006128352380
10,4, 0.025334727664
10,7, 0.055479231030
10,10, 0.051250000000
10,33, 0.002599429081
10,36, 0.011456525435
10,42,-0.000318281565
11,5, 0.025334727664
11,8, 0.055479231030
11,11, 0.051250000000
11,34, 0.002599429081
11,37, 0.011456525435
11,40,-0.000318281565
12,6, 0.025334727664
12,9, 0.055479231030
12,12, 0.051250000000
12,30, 0.005129245416
12,31, 0.012440121948
12,32, 0.019513147787
12,35, 0.002230137275
12,38, 0.009888431257
12,41,-0.000343721194
13,13, 0.655900000000
13,18, 0.288969341633
13,39, 0.205489676748
14,14, 0.655900000000
14,19, 0.288969341633
14,34, 0.271607726593
14,37, 0.460564860323
14,40,-0.010459338753
15,15, 0.655900000000
15,20, 0.288969341633
15,30, 0.293829746991
15,31, 0.233000160721
15,32, 0.047480782929
15,35, 0.142208338487
15,38, 0.311366146949
15,41,-0.011289787060
16,16, 0.655900000000
16,21, 0.288969341633
16,33, 0.271607726593
16,36, 0.460564860323
16,42,-0.010459338753
17,17, 0.655900000000
17,22, 0.288969341633
17,43, 0.205489676748
18,13, 0.288969341633
18,18, 0.280350000000
18,39, 0.039298914284
19,14, 0.288969341633
19,19, 0.280350000000
19,34, 0.048136665978
19,37, 0.136923352637
19,40, 0.020281238826
20,15, 0.288969341633
20,20, 0.280350000000
20,30, 0.053515781842
20,31, 0.077274317998
20,32, 0.039263089817
20,35, 0.041891315756
20,38, 0.124040946361
20,41, 0.016844888093
21,16, 0.288969341633
21,21, 0.280350000000
21,33, 0.048136665978
21,36, 0.136923352637
21,42, 0.020281238826
22,17, 0.288969341633
22,22, 0.280350000000
22,43, 0.039298914284
23,23, 0.823050000000
24,24, 0.823050000000
24,39, 0.300641634921
25,25, 0.823050000000
25,34, 0.260488789738
25,37, 0.342825247523
25,40, 0.196254914128
26,26, 0.823050000000
26,30, 0.197031222643
26,31, 0.115823194709
26,32, 0.013484641415
26,35, 0.212110470781
26,38, 0.312279895344
26,41, 0.183469944573
27,27, 0.823050000000
27,33, 0.260488789738
27,36, 0.342825247523
27,42, 0.196254914128
28,28, 0.823050000000
28,43, 0.300641634921
29,29, 0.823050000000
30,0,-0.028094571677
30,1,-0.024272037503
30,2, 0.047837662823
30,3, 0.011451062003
30,6, 0.343056802568
30,9, 0.039362079087
30,12, 0.005129245416
30,15, 0.293829746991
30,20, 0.053515781842
30,26, 0.197031222643
30,30, 2.304679571836
30,31, 0.549013001322
30,32, 0.106269592137
31,0, 0.155925427980
31,1,-0.189025256373
31,2, 0.097356006019
31,3, 0.027997333545
31,6, 0.335814246401
31,9, 0.076216429165
31,12, 0.012440121948
31,15, 0.233000160721
31,20, 0.077274317998
31,26, 0.115823194709
31,30, 0.549013001322
31,31, 0.488700000000
31,32, 0.184799949759
32,0, 0.069840392048
32,1,-0.087791583065
32,2, 0.106377066830
32,3, 0.045322924247
32,6, 0.116248409524
32,9, 0.071867279969
32,12, 0.019513147787
32,15, 0.047480782929
32,20, 0.039263089817
32,26, 0.013484641415
32,30, 0.106269592137
32,31, 0.184799949759
32,32, 0.154050000000
33,4, 0.181685673876
33,7, 0.020163858233
33,10, 0.002599429081
33,16, 0.271607726593
33,21, 0.048136665978
33,27, 0.260488789738
33,33, 3.517500000000
33,36, 0.935088056814
34,5, 0.181685673876
34,8, 0.020163858233
34,11, 0.002599429081
34,14, 0.271607726593
34,19, 0.048136665978
34,25, 0.260488789738
34,34, 3.517500000000
34,37, 0.935088056814
35,0,-0.214968481058
35,1, 0.290214157377
35,2,-0.015286141980
35,3,-0.001366131450
35,6,-0.225122645150
35,9, 0.012479502606
35,12, 0.002230137275
35,15, 0.142208338487
35,20, 0.041891315756
35,26, 0.212110470781
35,35, 3.517500000000
35,38, 0.935088056814
36,4, 0.367494450078
36,7, 0.073510648054
36,10, 0.011456525435
36,16, 0.460564860323
36,21, 0.136923352637
36,27, 0.342825247523
36,33, 0.935088056814
36,36, 0.970000000000
37,5, 0.367494450078
37,8, 0.073510648054
37,11, 0.011456525435
37,14, 0.460564860323
37,19, 0.136923352637
37,25, 0.342825247523
37,34, 0.935088056814
37,37, 0.970000000000
38,0,-0.521461796207
38,1, 0.558390800699
38,2,-0.050898721923
38,3,-0.005755985270
38,6,-0.047299601060
38,9, 0.048085058931
38,12, 0.009888431257
38,15, 0.311366146949
38,20, 0.124040946361
38,26, 0.312279895344
38,35, 0.935088056814
38,38, 0.970000000000
39,13, 0.205489676748
39,18, 0.039298914284
39,24, 0.300641634921
39,39, 3.699500000000
40,5,-0.283124491950
40,8,-0.006406269229
40,11,-0.000318281565
40,14,-0.010459338753
40,19, 0.020281238826
40,25, 0.196254914128
40,40, 3.699500000000
41,0, 0.880698884483
41,1,-0.799900695845
41,2, 0.003684186081
41,3, 0.000131968716
41,6, 0.072120048849
41,9,-0.006128352380
41,12,-0.000343721194
41,15,-0.011289787060
41,20, 0.016844888093
41,26, 0.183469944573
41,41, 3.699500000000
42,4,-0.283124491950
42,7,-0.006406269229
42,10,-0.000318281565
42,16,-0.010459338753
42,21, 0.020281238826
42,27, 0.196254914128
42,42, 3.699500000000
43,17, 0.205489676748
43,22, 0.039298914284
43,28, 0.300641634921
43,43, 3.699500000000
