0,0, 3.621951593953
0,1,-2.744461423402
0,2, 0.064333445574
0,3, 0.013203531534
0,30,-0.010033829138
0,31,-0.025525373237
0,32, 0.013417643502
0,35, 0.015557296935
0,38, 0.027915279124
0,41,-0.028845350442
1,0,-2.744461423402
1,1, 2.176253476137
1,2,-0.081421662226
1,3,-0.017339692965
1,30, 0.016531836708
1,31, 0.027794319824
1,32,-0.018226406318
1,35,-0.022098698426
1,38,-0.016123931274
1,41, 0.024595335291
2,0, 0.064333445574
2,1,-0.081421662226
2,2, 0.112635000000
2,3, 0.051962707439
2,30, 0.015200245001
2,31, 0.037449230114
2,32, 0.055814619305
2,35,-0.013255746187
2,38,-0.049216636126
2,41, 0.007348533228
3,0, 0.013203531534
3,1,-0.017339692965
3,2, 0.051962707439
3,3, 0.042480000000
3,30, 0.007704693936
3,31, 0.019307639043
3,32, 0.033110042043
3,35,-0.002040279533
3,38,-0.008737566084
3,41, 0.000419602016
4,4, 0.547745461032
4,7, 0.136562503382
4,10, 0.025334727664
4,33, 0.011233803552
4,36, 0.058086529175
4,42,-0.033924493483
5,5, 0.547745461032
5,8, 0.136562503382
5,11, 0.025334727664
5,34, 0.011233803552
5,37, 0.058086529175
5,40,-0.033924493483
6,6, 0.547745461032
6,9, 0.136562503382
6,12, 0.025334727664
6,30, 0.046534208128
6,31, 0.128759076111
6,32, 0.107372369452
6,35,-0.069895771792
6,38,-0.239140836146
6,41, 0.068466093249
7,4, 0.136562503382
7,7, 0.139450000000
7,10, 0.055479231030
7,33, 0.010631462784
7,36, 0.041201381887
7,42,-0.007492290767
8,5, 0.136562503382
8,8, 0.139450000000
8,11, 0.055479231030
8,34, 0.010631462784
8,37, 0.041201381887
8,40,-0.007492290767
9,6, 0.136562503382
9,9, 0.139450000000
9,12, 0.055479231030
9,30, 0.042972156444
9,31, 0.089400399931
9,32, 0.097040488755
9,35,-0.007775309717
9,38,-0.023059283326
9,41,-0.002121124812
10,4, 0.025334727664
10,7, 0.055479231030
10,10, 0.051250000000
10,33, 0.002057659581
10,36, 0.009147397075
10,42,-0.000531211893
11,5, 0.025334727664
11,8, 0.055479231030
11,11, 0.051250000000
11,34, 0.002057659581
11,37, 0.009147397075
11,40,-0.000531211893
12,6, 0.025334727664
12,9, 0.055479231030
12,12, 0.051250000000
12,30, 0.008381500939
12,31, 0.020538670565
12,32, 0.033056885935
12,35, 0.000787247769
12,38, 0.003710638508
12,41,-0.000442404905
13,13, 0.655900000000
13,18, 0.288969341633
13,39, 0.032826263733
14,14, 0.655900000000
14,19, 0.288969341633
14,34, 0.082436563710
14,37, 0.230366191592
14,40,-0.139655445581
15,15, 0.655900000000
15,20, 0.288969341633
15,30, 0.189381315851
15,31, 0.263149560739
15,32, 0.098791085608
15,35,-0.168120241777
15,38,-0.256846328966
15,41, 0.066640845026
16,16, 0.655900000000
16,21, 0.288969341633
16,33, 0.082436563710
16,36, 0.230366191592
16,42,-0.139655445581
17,17, 0.655900000000
17,22, 0.288969341633
17,43, 0.032826263733
18,13, 0.288969341633
18,18, 0.280350000000
18,39, 0.017532232152
19,14, 0.288969341633
19,19, 0.280350000000
19,34, 0.043648518283
19,37, 0.137996945594
19,40,-0.020458028707
20,15, 0.288969341633
20,20, 0.280350000000
20,30, 0.100721619863
20,31, 0.164504497584
20,32, 0.103406543231
20,35,-0.005257910071
20,38, 0.006674927800
20,41,-0.007676328702
21,16, 0.288969341633
21,21, 0.280350000000
21,33, 0.043648518283
21,36, 0.137996945594
21,42,-0.020458028707
22,17, 0.288969341633
22,22, 0.280350000000
22,43, 0.017532232152
23,23, 0.823050000000
24,24, 0.823050000000
24,39, 0.120739566849
25,25, 0.823050000000
25,34, 0.201833991364
25,37, 0.403028695906
25,40,-0.189366932094
26,26, 0.823050000000
26,30, 0.321709127037
26,31, 0.303633540754
26,32, 0.060826994562
26,35,-0.138262089106
26,38,-0.077864121420
26,41, 0.014957151427
27,27, 0.823050000000
27,33, 0.201833991364
27,36, 0.403028695906
27,42,-0.189366932094
28,28, 0.823050000000
28,43, 0.120739566849
29,29, 0.823050000000
30,0,-0.010033829138
30,1, 0.016531836708
30,2, 0.015200245001
30,3, 0.007704693936
30,6, 0.046534208128
30,9, 0.042972156444
30,12, 0.008381500939
30,15, 0.189381315851
30,20, 0.100721619863
30,26, 0.321709127037
30,30, 2.304679571836
30,31, 0.549013001322
30,32, 0.106269592137
31,0,-0.025525373237
31,1, 0.027794319824
31,2, 0.037449230114
31,3, 0.019307639043
31,6, 0.128759076111
31,9, 0.089400399931
31,12, 0.020538670565
31,15, 0.263149560739
31,20, 0.164504497584
31,26, 0.303633540754
31,30, 0.549013001322
31,31, 0.488700000000
31,32, 0.184799949759
32,0, 0.013417643502
32,1,-0.018226406318
32,2, 0.055814619305
32,3, 0.033110042043
32,6, 0.107372369452
32,9, 0.097040488755
32,12, 0.033056885935
32,15, 0.098791085608
32,20, 0.103406543231
32,26, 0.060826994562
32,30, 0.106269592137
32,31, 0.184799949759
32,32, 0.154050000000
33,4, 0.011233803552
33,7, 0.010631462784
33,10, 0.002057659581
33,16, 0.082436563710
33,21, 0.043648518283
33,27, 0.201833991364
33,33, 3.517500000000
33,36, 0.935088056814
34,5, 0.011233803552
34,8, 0.010631462784
34,11, 0.002057659581
34,14, 0.082436563710
34,19, 0.043648518283
34,25, 0.201833991364
34,34, 3.517500000000
34,37, 0.935088056814
35,0, 0.015557296935
35,1,-0.022098698426
35,2,-0.013255746187
35,3,-0.002040279533
35,6,-0.069895771792
35,9,-0.007775309717
35,12, 0.000787247769
35,15,-0.168120241777
35,20,-0.005257910071
35,26,-0.138262089105
35,35, 3.517500000000
35,38, 0.935088056814
36,4, 0.058086529175
36,7, 0.041201381887
36,10, 0.009147397075
36,16, 0.230366191592
36,21, 0.137996945594
36,27, 0.403028695906
36,33, 0.935088056814
36,36, 0.970000000000
37,5, 0.058086529175
37,8, 0.041201381887
37,11, 0.009147397075
37,14, 0.230366191592
37,19, 0.137996945594
37,25, 0.403028695906
37,34, 0.935088056814
37,37, 0.970000000000
38,0, 0.027915279124
38,1,-0.016123931274
38,2,-0.049216636126
38,3,-0.008737566084
38,6,-0.239140836146
38,9,-0.023059283326
38,12, 0.003710638508
38,15,-0.256846328966
38,20, 0.006674927800
38,26,-0.077864121420
38,35, 0.935088056814
38,38, 0.970000000000
39,13, 0.032826263733
39,18, 0.017532232152
39,24, 0.120739566849
39,39, 3.699500000000
40,5,-0.033924493483
40,8,-0.007492290767
40,11,-0.000531211893
40,14,-0.139655445581
40,19,-0.020458028707
40,25,-0.189366932094
40,40, 3.699500000000
41,0,-0.028845350442
41,1, 0.024595335291
41,2, 0.007348533228
41,3, 0.000419602016
41,6, 0.068466093248
41,9,-0.002121124812
41,12,-0.000442404905
41,15, 0.066640845026
41,20,-0.007676328702
41,26, 0.014957151427
41,41, 3.699500000000
42,4,-0.033924493483
42,7,-0.007492290767
42,10,-0.000531211893
42,16,-0.139655445581
42,21,-0.020458028707
42,27,-0.189366932094
42,42, 3.699500000000
43,17, 0.032826263733
43,22, 0.017532232152
43,28, 0.120739566849
43,43, 3.699500000000
