0,0, 3.621951593953
0,1,-2.744461423402
0,2, 0.064333445574
0,3, 0.013203531534
0,30,-0.063172872088
0,31, 0.106102658552
0,32, 0.062400716732
0,35,-0.038607168361
0,38,-0.425788251076
0,41, 0.537103411146
1,0,-2.744461423402
1,1, 2.176253476137
1,2,-0.081421662226
1,3,-0.017339692965
1,30, 0.027434859186
1,31,-0.134334179981
1,32,-0.078749837915
1,35, 0.122129016620
1,38, 0.469940443270
1,41,-0.538923855558
2,0, 0.064333445574
2,1,-0.081421662226
2,2, 0.112635000000
2,3, 0.051962707439
2,30, 0.043975173923
2,31, 0.090600823508
2,32, 0.101157125372
2,35,-0.016076931800
2,38,-0.053975931808
2,41, 0.004397526598
3,0, 0.013203531534
3,1,-0.017339692965
3,2, 0.051962707439
3,3, 0.042480000000
3,30, 0.011093876312
3,31, 0.027175703746
3,32, 0.044190741672
3,35,-0.001499019729
3,38,-0.006324171143
3,41, 0.000163529109
4,4, 0.547745461032
4,7, 0.136562503382
4,10, 0.025334727664
4,33, 0.136025600879
4,36, 0.315841528208
4,42,-0.232014867388
5,5, 0.547745461032
5,8, 0.136562503382
5,11, 0.025334727664
5,34, 0.136025600879
5,37, 0.315841528208
5,40,-0.232014867388
6,6, 0.547745461032
6,9, 0.136562503382
6,12, 0.025334727664
6,30, 0.292807851124
6,31, 0.330187481310
6,32, 0.122810490046
6,35,-0.220955704976
6,38,-0.134037265592
6,41, 0.121490060069
7,4, 0.136562503382
7,7, 0.139450000000
7,10, 0.055479231030
7,33, 0.019153422342
7,36, 0.070160230422
7,42,-0.006891106358
8,5, 0.136562503382
8,8, 0.139450000000
8,11, 0.055479231030
8,34, 0.019153422342
8,37, 0.070160230422
8,40,-0.006891106358
9,6, 0.136562503382
9,9, 0.139450000000
9,12, 0.055479231030
9,30, 0.042133915631
9,31, 0.082041782639
9,32, 0.078224846968
9,35, 0.009846674317
9,38, 0.039233772829
9,41,-0.006220474698
10,4, 0.025334727664
10,7, 0.055479231030
10,10, 0.051250000000
10,33, 0.002550157555
10,36, 0.011247241049
10,42,-0.000352371505
11,5, 0.025334727664
11,8, 0.055479231030
11,11, 0.051250000000
11,34, 0.002550157555
11,37, 0.011247241049
11,40,-0.000352371505
12,6, 0.025334727664
12,9, 0.055479231030
12,12, 0.051250000000
12,30, 0.005669211122
12,31, 0.013761225446
12,32, 0.021630602272
12,35, 0.002089598066
12,38, 0.009290353916
12,41,-0.000373413851
13,13, 0.655900000000
13,18, 0.288969341633
13,39, 0.178277775924
14,14, 0.655900000000
14,19, 0.288969341633
14,34, 0.263948631970
14,37, 0.463912644489
14,40,-0.061576703544
15,15, 0.655900000000
15,20, 0.288969341633
15,30, 0.322277717699
15,31, 0.266185152623
15,32, 0.056863817464
15,35, 0.091424314296
15,38, 0.252010997758
15,41,-0.040699181130
16,16, 0.655900000000
16,21, 0.288969341633
16,33, 0.263948631970
16,36, 0.463912644489
16,42,-0.061576703544
17,17, 0.655900000000
17,22, 0.288969341633
17,43, 0.178277775924
18,13, 0.288969341633
18,18, 0.280350000000
18,39, 0.036816592519
19,14, 0.288969341633
19,19, 0.280350000000
19,34, 0.050744485432
19,37, 0.145550312276
19,40, 0.014123864138
20,15, 0.288969341633
20,20, 0.280350000000
20,30, 0.063585596422
20,31, 0.092713281069
20,32, 0.047916218280
20,35, 0.040208975526
20,38, 0.121964932904
20,41, 0.010965588687
21,16, 0.288969341633
21,21, 0.280350000000
21,33, 0.050744485432
21,36, 0.145550312276
21,42, 0.014123864138
22,17, 0.288969341633
22,22, 0.280350000000
22,43, 0.036816592519
23,23, 0.823050000000
24,24, 0.823050000000
24,39, 0.297231100895
25,25, 0.823050000000
25,34, 0.288660966228
25,37, 0.392260626674
25,40, 0.143870154389
26,26, 0.823050000000
26,30, 0.246336075774
26,31, 0.150208889037
26,32, 0.018259286992
26,35, 0.202350598324
26,38, 0.323558856281
26,41, 0.135386898417
27,27, 0.823050000000
27,33, 0.288660966228
27,36, 0.392260626674
27,42, 0.143870154389
28,28, 0.823050000000
28,43, 0.297231100895
29,29, 0.823050000000
30,0,-0.063172872088
30,1, 0.027434859186
30,2, 0.043975173923
30,3, 0.011093876312
30,6, 0.292807851124
30,9, 0.042133915631
30,12, 0.005669211122
30,15, 0.322277717699
30,20, 0.063585596422
30,26, 0.246336075774
30,30, 2.304679571836
30,31, 0.549013001322
30,32, 0.106269592137
31,0, 0.106102658552
31,1,-0.134334179981
31,2, 0.090600823508
31,3, 0.027175703746
31,6, 0.330187481310
31,9, 0.082041782639
31,12, 0.013761225446
31,15, 0.266185152623
31,20, 0.092713281069
31,26, 0.150208889037
31,30, 0.549013001322
31,31, 0.488700000000
31,32, 0.184799949759
32,0, 0.062400716732
32,1,-0.078749837915
32,2, 0.101157125372
32,3, 0.044190741672
32,6, 0.122810490046
32,9, 0.078224846968
32,12, 0.021630602272
32,15, 0.056863817464
32,20, 0.047916218280
32,26, 0.018259286992
32,30, 0.106269592137
32,31, 0.184799949759
32,32, 0.154050000000
33,4, 0.136025600879
33,7, 0.019153422342
33,10, 0.002550157555
33,16, 0.263948631970
33,21, 0.050744485432
33,27, 0.288660966228
33,33, 3.517500000000
33,36, 0.935088056814
34,5, 0.136025600879
34,8, 0.019153422342
34,11, 0.002550157555
34,14, 0.263948631970
34,19, 0.050744485432
34,25, 0.288660966228
34,34, 3.517500000000
34,37, 0.935088056814
35,0,-0.038607168361
35,1, 0.122129016620
35,2,-0.016076931800
35,3,-0.001499019729
35,6,-0.220955704976
35,9, 0.009846674317
35,12, 0.002089598066
35,15, 0.091424314296
35,20, 0.040208975526
35,26, 0.202350598324
35,35, 3.517500000000
35,38, 0.935088056814
36,4, 0.315841528208
36,7, 0.070160230422
36,10, 0.011247241049
36,16, 0.463912644489
36,21, 0.145550312276
36,27, 0.392260626674
36,33, 0.935088056814
36,36, 0.970000000000
37,5, 0.315841528208
37,8, 0.070160230422
37,11, 0.011247241049
37,14, 0.463912644489
37,19, 0.145550312276
37,25, 0.392260626674
37,34, 0.935088056814
37,37, 0.970000000000
38,0,-0.425788251076
38,1, 0.469940443270
38,2,-0.053975931808
38,3,-0.006324171143
38,6,-0.134037265592
38,9, 0.039233772829
38,12, 0.009290353916
38,15, 0.252010997758
38,20, 0.121964932904
38,26, 0.323558856281
38,35, 0.935088056814
38,38, 0.970000000000
39,13, 0.178277775924
39,18, 0.036816592519
39,24, 0.297231100895
39,39, 3.699500000000
40,5,-0.232014867388
40,8,-0.006891106358
40,11,-0.000352371505
40,14,-0.061576703544
40,19, 0.014123864138
40,25, 0.143870154389
40,40, 3.699500000000
41,0, 0.537103411146
41,1,-0.538923855558
41,2, 0.004397526598
41,3, 0.000163529109
41,6, 0.121490060069
41,9,-0.006220474698
41,12,-0.000373413851
41,15,-0.040699181130
41,20, 0.010965588687
41,26, 0.135386898417
41,41, 3.699500000000
42,4,-0.232014867388
42,7,-0.006891106358
42,10,-0.000352371505
42,16,-0.061576703544
42,21, 0.014123864138
42,27, 0.143870154389
42,42, 3.699500000000
43,17, 0.178277775924
43,22, 0.036816592519
43,28, 0.297231100895
43,43, 3.699500000000
