0,0, 3.621951593953
0,1,-2.744461423402
0,2, 0.064333445574
0,3, 0.013203531534
0,30,-0.001174518737
0,31,-0.011508038373
0,32,-0.001895388317
0,35, 0.002091172382
0,38, 0.023043725126
0,41,-0.004909874602
1,0,-2.744461423402
1,1, 2.176253476137
1,2,-0.081421662226
1,3,-0.017339692965
1,30, 0.002419729677
1,31, 0.015602354289
1,32, 0.001559160601
1,35,-0.004267621508
1,38,-0.028406944618
1,41, 0.008482119352
2,0, 0.064333445574
2,1,-0.081421662226
2,2, 0.112635000000
2,3, 0.051962707439
2,30, 0.002928477711
2,31, 0.011726715584
2,32, 0.028623067067
2,35,-0.007263198502
2,38,-0.030547797367
2,41, 0.006082846164
3,0, 0.013203531534
3,1,-0.017339692965
3,2, 0.051962707439
3,3, 0.042480000000
3,30, 0.005274552624
3,31, 0.013563532647
3,32, 0.024671297687
3,35,-0.001968136510
3,38,-0.008558744535
3,41, 0.000541162839
4,4, 0.547745461032
4,7, 0.136562503382
4,10, 0.025334727664
4,33,-0.001327878575
4,36, 0.005896651514
4,42,-0.006608393011
5,5, 0.547745461032
5,8, 0.136562503382
5,11, 0.025334727664
5,34,-0.001327878575
5,37, 0.005896651514
5,40,-0.006608393011
6,6, 0.547745461032
6,9, 0.136562503382
6,12, 0.025334727664
6,30,-0.006094633965
6,31, 0.023468501158
6,32, 0.063795066412
6,35,-0.020795891205
6,38,-0.104303455061
6,41, 0.034789362104
7,4, 0.136562503382
7,7, 0.139450000000
7,10, 0.055479231030
7,33, 0.005788360032
7,36, 0.023898556650
7,42,-0.005770589415
8,5, 0.136562503382
8,8, 0.139450000000
8,11, 0.055479231030
8,34, 0.005788360032
8,37, 0.023898556650
8,40,-0.005770589415
9,6, 0.136562503382
9,9, 0.139450000000
9,12, 0.055479231030
9,30, 0.030399341221
9,31, 0.068106541576
9,32, 0.085011809073
9,35,-0.012434460782
9,38,-0.043056732259
9,41, 0.002083281222
10,4, 0.025334727664
10,7, 0.055479231030
10,10, 0.051250000000
10,33, 0.001666759353
10,36, 0.007468823419
10,42,-0.000569026204
11,5, 0.025334727664
11,8, 0.055479231030
11,11, 0.051250000000
11,34, 0.001666759353
11,37, 0.007468823419
11,40,-0.000569026204
12,6, 0.025334727664
12,9, 0.055479231030
12,12, 0.051250000000
12,30, 0.008792493724
12,31, 0.021751515031
12,32, 0.035846426687
12,35,-0.000093207525
12,38,-0.000116335140
12,41,-0.000346851687
13,13, 0.655900000000
13,18, 0.288969341633
13,39, 0.003850735505
14,14, 0.655900000000
14,19, 0.288969341633
14,34, 0.010365208465
14,37, 0.069718956946
14,40,-0.050795994570
15,15, 0.655900000000
15,20, 0.288969341633
15,30, 0.033348738989
15,31, 0.115952219127
15,32, 0.085281751784
15,35,-0.086794817100
15,38,-0.245638587343
15,41, 0.096274982579
16,16, 0.655900000000
16,21, 0.288969341633
16,33, 0.010365208465
16,36, 0.069718956946
16,42,-0.050795994570
17,17, 0.655900000000
17,22, 0.288969341633
17,43, 0.003850735505
18,13, 0.288969341633
18,18, 0.280350000000
18,39, 0.008244050312
19,14, 0.288969341633
19,19, 0.280350000000
19,34, 0.026166455850
19,37, 0.091974686987
19,40,-0.023674993925
20,15, 0.288969341633
20,20, 0.280350000000
20,30, 0.078646904701
20,31, 0.145251085558
20,32, 0.112015296605
20,35,-0.029526692438
20,38,-0.073547892798
20,41, 0.002790706833
21,16, 0.288969341633
21,21, 0.280350000000
21,33, 0.026166455850
21,36, 0.091974686987
21,42,-0.023674993925
22,17, 0.288969341633
22,22, 0.280350000000
22,43, 0.008244050312
23,23, 0.823050000000
24,24, 0.823050000000
24,39, 0.030923655791
25,25, 0.823050000000
25,34, 0.061553219436
25,37, 0.198944300843
25,40,-0.132521420957
26,26, 0.823050000000
26,30, 0.130999727981
26,31, 0.210614387077
26,32, 0.072053089138
26,35,-0.159039167511
26,38,-0.273197719741
26,41, 0.105916339075
27,27, 0.823050000000
27,33, 0.061553219436
27,36, 0.198944300843
27,42,-0.132521420957
28,28, 0.823050000000
28,43, 0.030923655791
29,29, 0.823050000000
30,0,-0.001174518737
30,1, 0.002419729677
30,2, 0.002928477711
30,3, 0.005274552624
30,6,-0.006094633965
30,9, 0.030399341221
30,12, 0.008792493724
30,15, 0.033348738989
30,20, 0.078646904701
30,26, 0.130999727981
30,30, 2.304679571836
30,31, 0.549013001322
30,32, 0.106269592137
31,0,-0.011508038373
31,1, 0.015602354289
31,2, 0.011726715584
31,3, 0.013563532647
31,6, 0.023468501158
31,9, 0.068106541576
31,12, 0.021751515031
31,15, 0.115952219127
31,20, 0.145251085558
31,26, 0.210614387077
31,30, 0.549013001322
31,31, 0.488700000000
31,32, 0.184799949759
32,0,-0.001895388317
32,1, 0.001559160601
32,2, 0.028623067067
32,3, 0.024671297687
32,6, 0.063795066412
32,9, 0.085011809073
32,12, 0.035846426687
32,15, 0.085281751784
32,20, 0.112015296605
32,26, 0.072053089138
32,30, 0.106269592137
32,31, 0.184799949759
32,32, 0.154050000000
33,4,-0.001327878575
33,7, 0.005788360032
33,10, 0.001666759353
33,16, 0.010365208465
33,21, 0.026166455850
33,27, 0.061553219436
33,33, 3.517500000000
33,36, 0.935088056814
34,5,-0.001327878575
34,8, 0.005788360032
34,11, 0.001666759353
34,14, 0.010365208465
34,19, 0.026166455850
34,25, 0.061553219436
34,34, 3.517500000000
34,37, 0.935088056814
35,0, 0.002091172382
35,1,-0.004267621508
35,2,-0.007263198502
35,3,-0.001968136510
35,6,-0.020795891205
35,9,-0.012434460782
35,12,-0.000093207525
35,15,-0.086794817100
35,20,-0.029526692438
35,26,-0.159039167511
35,35, 3.517500000000
35,38, 0.935088056814
36,4, 0.005896651514
36,7, 0.023898556650
36,10, 0.007468823419
36,16, 0.069718956946
36,21, 0.091974686987
36,27, 0.198944300843
36,33, 0.935088056814
36,36, 0.970000000000
37,5, 0.005896651514
37,8, 0.023898556650
37,11, 0.007468823419
37,14, 0.069718956946
37,19, 0.091974686987
37,25, 0.198944300843
37,34, 0.935088056814
37,37, 0.970000000000
38,0, 0.023043725126
38,1,-0.028406944618
38,2,-0.030547797367
38,3,-0.008558744535
38,6,-0.104303455061
38,9,-0.043056732259
38,12,-0.000116335140
38,15,-0.245638587343
38,20,-0.073547892798
38,26,-0.273197719741
38,35, 0.935088056814
38,38, 0.970000000000
39,13, 0.003850735505
39,18, 0.008244050312
39,24, 0.030923655791
39,39, 3.699500000000
40,5,-0.006608393011
40,8,-0.005770589415
40,11,-0.000569026204
40,14,-0.050795994570
40,19,-0.023674993925
40,25,-0.132521420957
40,40, 3.699500000000
41,0,-0.004909874602
41,1, 0.008482119352
41,2, 0.006082846164
41,3, 0.000541162839
41,6, 0.034789362104
41,9, 0.002083281222
41,12,-0.000346851687
41,15, 0.096274982579
41,20, 0.002790706833
41,26, 0.105916339075
41,41, 3.699500000000
42,4,-0.006608393011
42,7,-0.005770589415
42,10,-0.000569026204
42,16,-0.050795994570
42,21,-0.023674993925
42,27,-0.132521420957
42,42, 3.699500000000
43,17, 0.003850735505
43,22, 0.008244050312
43,28, 0.030923655791
43,43, 3.699500000000
