0,0, 3.621951593953
0,1,-2.744461423402
0,2, 0.064333445574
0,3, 0.013203531534
0,30,-0.064802919121
0,31, 0.101553099936
0,32, 0.061647079668
0,35,-0.026896261806
0,38,-0.415747393601
0,41, 0.506628172188
1,0,-2.744461423402
1,1, 2.176253476137
1,2,-0.081421662226
1,3,-0.017339692965
1,30, 0.030757629013
1,31,-0.129274042107
1,32,-0.077832371377
1,35, 0.109713117225
1,38, 0.460443264236
1,41,-0.514838646101
2,0, 0.064333445574
2,1,-0.081421662226
2,2, 0.112635000000
2,3, 0.051962707439
2,30, 0.043578986127
2,31, 0.089904171142
2,32, 0.100613598368
2,35,-0.016138500970
2,38,-0.054230690090
2,41, 0.004467533241
3,0, 0.013203531534
3,1,-0.017339692965
3,2, 0.051962707439
3,3, 0.042480000000
3,30, 0.011056369813
3,31, 0.027089353165
3,32, 0.044071508998
3,35,-0.001511605849
3,38,-0.006378163013
3,41, 0.000166798078
4,4, 0.547745461032
4,7, 0.136562503382
4,10, 0.025334727664
4,33, 0.132066702023
4,36, 0.310800332059
4,42,-0.227065544446
5,5, 0.547745461032
5,8, 0.136562503382
5,11, 0.025334727664
5,34, 0.132066702023
5,37, 0.310800332059
5,40,-0.227065544446
6,6, 0.547745461032
6,9, 0.136562503382
6,12, 0.025334727664
6,30, 0.287783287312
6,31, 0.329094297983
6,32, 0.123340418729
6,35,-0.219571710682
6,38,-0.141661953250
6,41, 0.124907258246
7,4, 0.136562503382
7,7, 0.139450000000
7,10, 0.055479231030
7,33, 0.019048526893
7,36, 0.069811581281
7,42,-0.006934244736
8,5, 0.136562503382
8,8, 0.139450000000
8,11, 0.055479231030
8,34, 0.019048526893
8,37, 0.069811581281
8,40,-0.006934244736
9,6, 0.136562503382
9,9, 0.139450000000
9,12, 0.055479231030
9,30, 0.042375222716
9,31, 0.082561152382
9,32, 0.078813708491
9,35, 0.009578890617
9,38, 0.038329375020
9,41,-0.006219453071
10,4, 0.025334727664
10,7, 0.055479231030
10,10, 0.051250000000
10,33, 0.002544958514
10,36, 0.011225149912
10,42,-0.000355668938
11,5, 0.025334727664
11,8, 0.055479231030
11,11, 0.051250000000
11,34, 0.002544958514
11,37, 0.011225149912
11,40,-0.000355668938
12,6, 0.025334727664
12,9, 0.055479231030
12,12, 0.051250000000
12,30, 0.005721246544
12,31, 0.013888774352
12,32, 0.021835966187
12,35, 0.002074870110
12,38, 0.009227638886
12,41,-0.000376141498
13,13, 0.655900000000
13,18, 0.288969341633
13,39, 0.175586862743
14,14, 0.655900000000
14,19, 0.288969341633
14,34, 0.262723042958
14,37, 0.463542677424
14,40,-0.066216622627
15,15, 0.655900000000
15,20, 0.288969341633
15,30, 0.324450065305
15,31, 0.269155507073
15,32, 0.057789712531
15,35, 0.085982530459
15,38, 0.245197750405
15,41,-0.042812869138
16,16, 0.655900000000
16,21, 0.288969341633
16,33, 0.262723042958
16,36, 0.463542677424
16,42,-0.066216622627
17,17, 0.655900000000
17,22, 0.288969341633
17,43, 0.175586862743
18,13, 0.288969341633
18,18, 0.280350000000
18,39, 0.036561027580
19,14, 0.288969341633
19,19, 0.280350000000
19,34, 0.050952002654
19,37, 0.146275996050
19,40, 0.013507727073
20,15, 0.288969341633
20,20, 0.280350000000
20,30, 0.064566195973
20,31, 0.094241198225
20,32, 0.048794537506
20,35, 0.039948837103
20,38, 0.121510024339
20,41, 0.010401505997
21,16, 0.288969341633
21,21, 0.280350000000
21,33, 0.050952002654
21,36, 0.146275996050
21,42, 0.013507727073
22,17, 0.288969341633
22,22, 0.280350000000
22,43, 0.036561027580
23,23, 0.823050000000
24,24, 0.823050000000
24,39, 0.296405570042
25,25, 0.823050000000
25,34, 0.290934889756
25,37, 0.396709009952
25,40, 0.138107956988
26,26, 0.823050000000
26,30, 0.251105710909
26,31, 0.153718993034
26,32, 0.018772381733
26,35, 0.200410107716
26,38, 0.323574169948
26,41, 0.130445774060
27,27, 0.823050000000
27,33, 0.290934889756
27,36, 0.396709009952
27,42, 0.138107956988
28,28, 0.823050000000
28,43, 0.296405570042
29,29, 0.823050000000
30,0,-0.064802919121
30,1, 0.030757629013
30,2, 0.043578986127
30,3, 0.011056369813
30,6, 0.287783287312
30,9, 0.042375222716
30,12, 0.005721246544
30,15, 0.324450065305
30,20, 0.064566195973
30,26, 0.251105710909
30,30, 2.304679571836
30,31, 0.549013001322
30,32, 0.106269592137
31,0, 0.101553099936
31,1,-0.129274042107
31,2, 0.089904171142
31,3, 0.027089353165
31,6, 0.329094297983
31,9, 0.082561152382
31,12, 0.013888774352
31,15, 0.269155507073
31,20, 0.094241198225
31,26, 0.153718993034
31,30, 0.549013001322
31,31, 0.488700000000
31,32, 0.184799949759
32,0, 0.061647079668
32,1,-0.077832371377
32,2, 0.100613598368
32,3, 0.044071508998
32,6, 0.123340418729
32,9, 0.078813708491
32,12, 0.021835966187
32,15, 0.057789712531
32,20, 0.048794537506
32,26, 0.018772381733
32,30, 0.106269592137
32,31, 0.184799949759
32,32, 0.154050000000
33,4, 0.132066702023
33,7, 0.019048526893
33,10, 0.002544958514
33,16, 0.262723042958
33,21, 0.050952002654
33,27, 0.290934889756
33,33, 3.517500000000
33,36, 0.935088056814
34,5, 0.132066702023
34,8, 0.019048526893
34,11, 0.002544958514
34,14, 0.262723042958
34,19, 0.050952002654
34,25, 0.290934889756
34,34, 3.517500000000
34,37, 0.935088056814
35,0,-0.026896261806
35,1, 0.109713117225
35,2,-0.016138500970
35,3,-0.001511605849
35,6,-0.219571710682
35,9, 0.009578890617
35,12, 0.002074870110
35,15, 0.085982530459
35,20, 0.039948837103
35,26, 0.200410107716
35,35, 3.517500000000
35,38, 0.935088056814
36,4, 0.310800332059
36,7, 0.069811581281
36,10, 0.011225149912
36,16, 0.463542677424
36,21, 0.146275996050
36,27, 0.396709009952
36,33, 0.935088056814
36,36, 0.970000000000
37,5, 0.310800332059
37,8, 0.069811581281
37,11, 0.011225149912
37,14, 0.463542677424
37,19, 0.146275996050
37,25, 0.396709009952
37,34, 0.935088056814
37,37, 0.970000000000
38,0,-0.415747393601
38,1, 0.460443264236
38,2,-0.054230690090
38,3,-0.006378163013
38,6,-0.141661953250
38,9, 0.038329375020
38,12, 0.009227638886
38,15, 0.245197750405
38,20, 0.121510024339
38,26, 0.323574169948
38,35, 0.935088056814
38,38, 0.970000000000
39,13, 0.175586862743
39,18, 0.036561027580
39,24, 0.296405570042
39,39, 3.699500000000
40,5,-0.227065544446
40,8,-0.006934244736
40,11,-0.000355668938
40,14,-0.066216622627
40,19, 0.013507727073
40,25, 0.138107956988
40,40, 3.699500000000
41,0, 0.506628172188
41,1,-0.514838646101
41,2, 0.004467533241
41,3, 0.000166798078
41,6, 0.124907258246
41,9,-0.006219453071
41,12,-0.000376141498
41,15,-0.042812869138
41,20, 0.010401505997
41,26, 0.130445774060
41,41, 3.699500000000
42,4,-0.227065544446
42,7,-0.006934244736
42,10,-0.000355668938
42,16,-0.066216622627
42,21, 0.013507727073
42,27, 0.138107956988
42,42, 3.699500000000
43,17, 0.175586862743
43,22, 0.036561027580
43,28, 0.296405570042
43,43, 3.699500000000
