0,0, 3.621951593953
0,1,-2.744461423402
0,2, 0.064333445574
0,3, 0.013203531534
0,30,-0.013311724052
0,31,-0.025668593891
0,32, 0.016889910152
0,35, 0.020419424525
0,38, 0.018198063624
0,41,-0.034949527935
1,0,-2.744461423402
1,1, 2.176253476137
1,2,-0.081421662226
1,3,-0.017339692965
1,30, 0.020703955646
1,31, 0.026562075887
1,32,-0.022606887705
1,35,-0.026311474729
1,38,-0.001242880750
1,41, 0.025028604997
2,0, 0.064333445574
2,1,-0.081421662226
2,2, 0.112635000000
2,3, 0.051962707439
2,30, 0.017561529359
2,31, 0.042078854493
2,32, 0.060182915846
2,35,-0.014014606363
2,38,-0.051354658964
2,41, 0.007328790716
3,0, 0.013203531534
3,1,-0.017339692965
3,2, 0.051962707439
3,3, 0.042480000000
3,30, 0.008059526289
3,31, 0.020138271347
3,32, 0.034302842837
3,35,-0.002024194558
3,38,-0.008652755364
3,41, 0.000396948421
4,4, 0.547745461032
4,7, 0.136562503382
4,10, 0.025334727664
4,33, 0.015072548306
4,36, 0.071812684988
4,42,-0.041086708389
5,5, 0.547745461032
5,8, 0.136562503382
5,11, 0.025334727664
5,34, 0.015072548306
5,37, 0.071812684988
5,40,-0.041086708389
6,6, 0.547745461032
6,9, 0.136562503382
6,12, 0.025334727664
6,30, 0.059496970273
6,31, 0.149691166906
6,32, 0.112609289523
6,35,-0.078884189635
6,38,-0.256098567241
6,41, 0.076929364389
7,4, 0.136562503382
7,7, 0.139450000000
7,10, 0.055479231030
7,33, 0.011430330010
7,36, 0.043981772159
7,42,-0.007639186874
8,5, 0.136562503382
8,8, 0.139450000000
8,11, 0.055479231030
8,34, 0.011430330010
8,37, 0.043981772159
8,40,-0.007639186874
9,6, 0.136562503382
9,9, 0.139450000000
9,12, 0.055479231030
9,30, 0.044198694628
9,31, 0.091184183178
9,32, 0.097384299950
9,35,-0.006546393739
9,38,-0.018396884508
9,41,-0.002746874166
10,4, 0.025334727664
10,7, 0.055479231030
10,10, 0.051250000000
10,33, 0.002111678735
10,36, 0.009378472748
10,42,-0.000520442789
11,5, 0.025334727664
11,8, 0.055479231030
11,11, 0.051250000000
11,34, 0.002111678735
11,37, 0.009378472748
11,40,-0.000520442789
12,6, 0.025334727664
12,9, 0.055479231030
12,12, 0.051250000000
12,30, 0.008231696043
12,31, 0.020148301392
12,32, 0.032335370967
12,35, 0.000920338585
12,38, 0.004284521710
12,41,-0.000447709983
13,13, 0.655900000000
13,18, 0.288969341633
13,39, 0.040816813348
14,14, 0.655900000000
14,19, 0.288969341633
14,34, 0.099207716490
14,37, 0.259731947675
14,40,-0.150526416956
15,15, 0.655900000000
15,20, 0.288969341633
15,30, 0.217208107014
15,31, 0.280797453092
15,32, 0.098047902170
15,35,-0.167420458638
15,38,-0.231538304488
15,41, 0.050342774674
16,16, 0.655900000000
16,21, 0.288969341633
16,33, 0.099207716490
16,36, 0.259731947675
16,42,-0.150526416956
17,17, 0.655900000000
17,22, 0.288969341633
17,43, 0.040816813348
18,13, 0.288969341633
18,18, 0.280350000000
18,39, 0.019197931772
19,14, 0.288969341633
19,19, 0.280350000000
19,34, 0.045822619555
19,37, 0.143113781173
19,40,-0.018659237625
20,15, 0.288969341633
20,20, 0.280350000000
20,30, 0.101126973088
20,31, 0.162838493276
20,32, 0.099911971361
20,35,-0.000253938673
20,38, 0.021023681529
20,41,-0.008140257335
21,16, 0.288969341633
21,21, 0.280350000000
21,33, 0.045822619555
21,36, 0.143113781173
21,42,-0.018659237625
22,17, 0.288969341633
22,22, 0.280350000000
22,43, 0.019197931772
23,23, 0.823050000000
24,24, 0.823050000000
24,39, 0.139328522260
25,25, 0.823050000000
25,34, 0.224736957792
25,37, 0.426911987583
25,40,-0.180950024438
26,26, 0.823050000000
26,30, 0.341880117415
26,31, 0.305028513889
26,32, 0.057422347920
26,35,-0.112737573139
26,38,-0.027125003995
26,41, 0.001530582380
27,27, 0.823050000000
27,33, 0.224736957792
27,36, 0.426911987583
27,42,-0.180950024438
28,28, 0.823050000000
28,43, 0.139328522260
29,29, 0.823050000000
30,0,-0.013311724052
30,1, 0.020703955646
30,2, 0.017561529359
30,3, 0.008059526289
30,6, 0.059496970273
30,9, 0.044198694628
30,12, 0.008231696043
30,15, 0.217208107014
30,20, 0.101126973088
30,26, 0.341880117415
30,30, 2.304679571836
30,31, 0.549013001322
30,32, 0.106269592137
31,0,-0.025668593891
31,1, 0.026562075887
31,2, 0.042078854493
31,3, 0.020138271347
31,6, 0.149691166906
31,9, 0.091184183178
31,12, 0.020148301392
31,15, 0.280797453092
31,20, 0.162838493276
31,26, 0.305028513889
31,30, 0.549013001322
31,31, 0.488700000000
31,32, 0.184799949759
32,0, 0.016889910152
32,1,-0.022606887705
32,2, 0.060182915846
32,3, 0.034302842837
32,6, 0.112609289523
32,9, 0.097384299950
32,12, 0.032335370967
32,15, 0.098047902170
32,20, 0.099911971361
32,26, 0.057422347920
32,30, 0.106269592137
32,31, 0.184799949759
32,32, 0.154050000000
33,4, 0.015072548306
33,7, 0.011430330010
33,10, 0.002111678735
33,16, 0.099207716490
33,21, 0.045822619555
33,27, 0.224736957792
33,33, 3.517500000000
33,36, 0.935088056814
34,5, 0.015072548306
34,8, 0.011430330010
34,11, 0.002111678735
34,14, 0.099207716490
34,19, 0.045822619555
34,25, 0.224736957792
34,34, 3.517500000000
34,37, 0.935088056814
35,0, 0.020419424525
35,1,-0.026311474729
35,2,-0.014014606363
35,3,-0.002024194558
35,6,-0.078884189635
35,9,-0.006546393739
35,12, 0.000920338585
35,15,-0.167420458638
35,20,-0.000253938673
35,26,-0.112737573139
35,35, 3.517500000000
35,38, 0.935088056814
36,4, 0.071812684988
36,7, 0.043981772159
36,10, 0.009378472748
36,16, 0.259731947675
36,21, 0.143113781173
36,27, 0.426911987583
36,33, 0.935088056814
36,36, 0.970000000000
37,5, 0.071812684988
37,8, 0.043981772159
37,11, 0.009378472748
37,14, 0.259731947675
37,19, 0.143113781173
37,25, 0.426911987583
37,34, 0.935088056814
37,37, 0.970000000000
38,0, 0.018198063624
38,1,-0.001242880750
38,2,-0.051354658964
38,3,-0.008652755364
38,6,-0.256098567241
38,9,-0.018396884508
38,12, 0.004284521710
38,15,-0.231538304488
38,20, 0.021023681529
38,26,-0.027125003995
38,35, 0.935088056814
38,38, 0.970000000000
39,13, 0.040816813348
39,18, 0.019197931772
39,24, 0.139328522260
39,39, 3.699500000000
40,5,-0.041086708389
40,8,-0.007639186874
40,11,-0.000520442789
40,14,-0.150526416956
40,19,-0.018659237625
40,25,-0.180950024438
40,40, 3.699500000000
41,0,-0.034949527935
41,1, 0.025028604997
41,2, 0.007328790716
41,3, 0.000396948421
41,6, 0.076929364389
41,9,-0.002746874166
41,12,-0.000447709983
41,15, 0.050342774674
41,20,-0.008140257335
41,26, 0.001530582380
41,41, 3.699500000000
42,4,-0.041086708389
42,7,-0.007639186874
42,10,-0.000520442789
42,16,-0.150526416956
42,21,-0.018659237625
42,27,-0.180950024438
42,42, 3.699500000000
43,17, 0.040816813348
43,22, 0.019197931772
43,28, 0.139328522260
43,43, 3.699500000000
