0,0, 3.621951593953
0,1,-2.744461423402
0,2, 0.064333445574
0,3, 0.013203531534
0,30,-0.002184641686
0,31,-0.015641274346
0,32, 0.000862200654
0,35, 0.003712622416
0,38, 0.029694303344
0,41,-0.008230464880
1,0,-2.744461423402
1,1, 2.176253476137
1,2,-0.081421662226
1,3,-0.017339692965
1,30, 0.004346870392
1,31, 0.020148963397
1,32,-0.002101468921
1,35,-0.007198481608
1,38,-0.033451019095
1,41, 0.012482669313
2,0, 0.064333445574
2,1,-0.081421662226
2,2, 0.112635000000
2,3, 0.051962707439
2,30, 0.005543845555
2,31, 0.017545348955
2,32, 0.035369261951
2,35,-0.008908702144
2,38,-0.035948105907
2,41, 0.006629475994
3,0, 0.013203531534
3,1,-0.017339692965
3,2, 0.051962707439
3,3, 0.042480000000
3,30, 0.005921497043
3,31, 0.015103190605
3,32, 0.026969397157
3,35,-0.002016880965
3,38,-0.008730068803
3,41, 0.000515174406
4,4, 0.547745461032
4,7, 0.136562503382
4,10, 0.025334727664
4,33, 0.000325496868
4,36, 0.014262145436
4,42,-0.011427776815
5,5, 0.547745461032
5,8, 0.136562503382
5,11, 0.025334727664
5,34, 0.000325496868
5,37, 0.014262145436
5,40,-0.011427776815
6,6, 0.547745461032
6,9, 0.136562503382
6,12, 0.025334727664
6,30, 0.002531742452
6,31, 0.044686164167
6,32, 0.076106427822
6,35,-0.032481947540
6,38,-0.139307192989
6,41, 0.042316807421
7,4, 0.136562503382
7,7, 0.139450000000
7,10, 0.055479231030
7,33, 0.006967357489
7,36, 0.028195848855
7,42,-0.006328130373
8,5, 0.136562503382
8,8, 0.139450000000
8,11, 0.055479231030
8,34, 0.006967357489
8,37, 0.028195848855
8,40,-0.006328130373
9,6, 0.136562503382
9,9, 0.139450000000
9,12, 0.055479231030
9,30, 0.034295927716
9,31, 0.075059864573
9,32, 0.089716737823
9,35,-0.011825371762
9,38,-0.039784780852
9,41, 0.001038798022
10,4, 0.025334727664
10,7, 0.055479231030
10,10, 0.051250000000
10,33, 0.001774883794
10,36, 0.007934325728
10,42,-0.000564887346
11,5, 0.025334727664
11,8, 0.055479231030
11,11, 0.051250000000
11,34, 0.001774883794
11,37, 0.007934325728
11,40,-0.000564887346
12,6, 0.025334727664
12,9, 0.055479231030
12,12, 0.051250000000
12,30, 0.008784819030
12,31, 0.021670515640
12,32, 0.035460334804
12,35, 0.000134913245
12,38, 0.000881204910
12,41,-0.000381985210
13,13, 0.655900000000
13,18, 0.288969341633
13,39, 0.008151188852
14,14, 0.655900000000
14,19, 0.288969341633
14,34, 0.022589177975
14,37, 0.104005033334
14,40,-0.073080890563
15,15, 0.655900000000
15,20, 0.288969341633
15,30, 0.065510271515
15,31, 0.155588923907
15,32, 0.091739387317
15,35,-0.116165955115
15,38,-0.274623476491
15,41, 0.102482159897
16,16, 0.655900000000
16,21, 0.288969341633
16,33, 0.022589177975
16,36, 0.104005033334
16,42,-0.073080890563
17,17, 0.655900000000
17,22, 0.288969341633
17,43, 0.008151188852
18,13, 0.288969341633
18,18, 0.280350000000
18,39, 0.010362126401
19,14, 0.288969341633
19,19, 0.280350000000
19,34, 0.031011132168
19,37, 0.105453557614
19,40,-0.024210546771
20,15, 0.288969341633
20,20, 0.280350000000
20,30, 0.087294237257
20,31, 0.155160378264
20,32, 0.112394410616
20,35,-0.025157918637
20,38,-0.056571830603
20,41,-0.000747283888
21,16, 0.288969341633
21,21, 0.280350000000
21,33, 0.031011132168
21,36, 0.105453557614
21,42,-0.024210546771
22,17, 0.288969341633
22,22, 0.280350000000
22,43, 0.010362126401
23,23, 0.823050000000
24,24, 0.823050000000
24,39, 0.048208306440
25,25, 0.823050000000
25,34, 0.092750155641
25,37, 0.254584268335
25,40,-0.160676494755
26,26, 0.823050000000
26,30, 0.183122241692
26,31, 0.246314220709
26,32, 0.071355292538
26,35,-0.176606110258
26,38,-0.252246702451
26,41, 0.090325022174
27,27, 0.823050000000
27,33, 0.092750155641
27,36, 0.254584268335
27,42,-0.160676494755
28,28, 0.823050000000
28,43, 0.048208306440
29,29, 0.823050000000
30,0,-0.002184641686
30,1, 0.004346870392
30,2, 0.005543845555
30,3, 0.005921497043
30,6, 0.002531742452
30,9, 0.034295927716
30,12, 0.008784819030
30,15, 0.065510271515
30,20, 0.087294237257
30,26, 0.183122241692
30,30, 2.304679571836
30,31, 0.549013001322
30,32, 0.106269592137
31,0,-0.015641274346
31,1, 0.020148963397
31,2, 0.017545348955
31,3, 0.015103190605
31,6, 0.044686164167
31,9, 0.075059864573
31,12, 0.021670515640
31,15, 0.155588923907
31,20, 0.155160378264
31,26, 0.246314220709
31,30, 0.549013001322
31,31, 0.488700000000
31,32, 0.184799949759
32,0, 0.000862200654
32,1,-0.002101468921
32,2, 0.035369261951
32,3, 0.026969397157
32,6, 0.076106427822
32,9, 0.089716737823
32,12, 0.035460334804
32,15, 0.091739387317
32,20, 0.112394410616
32,26, 0.071355292538
32,30, 0.106269592137
32,31, 0.184799949759
32,32, 0.154050000000
33,4, 0.000325496868
33,7, 0.006967357489
33,10, 0.001774883794
33,16, 0.022589177975
33,21, 0.031011132168
33,27, 0.092750155641
33,33, 3.517500000000
33,36, 0.935088056814
34,5, 0.000325496868
34,8, 0.006967357489
34,11, 0.001774883794
34,14, 0.022589177975
34,19, 0.031011132168
34,25, 0.092750155641
34,34, 3.517500000000
34,37, 0.935088056814
35,0, 0.003712622416
35,1,-0.007198481608
35,2,-0.008908702144
35,3,-0.002016880965
35,6,-0.032481947540
35,9,-0.011825371762
35,12, 0.000134913245
35,15,-0.116165955115
35,20,-0.025157918637
35,26,-0.176606110258
35,35, 3.517500000000
35,38, 0.935088056814
36,4, 0.014262145436
36,7, 0.028195848855
36,10, 0.007934325728
36,16, 0.104005033334
36,21, 0.105453557614
36,27, 0.254584268335
36,33, 0.935088056814
36,36, 0.970000000000
37,5, 0.014262145436
37,8, 0.028195848855
37,11, 0.007934325728
37,14, 0.104005033334
37,19, 0.105453557614
37,25, 0.254584268335
37,34, 0.935088056814
37,37, 0.970000000000
38,0, 0.029694303344
38,1,-0.033451019095
38,2,-0.035948105907
38,3,-0.008730068803
38,6,-0.139307192989
38,9,-0.039784780852
38,12, 0.000881204910
38,15,-0.274623476491
38,20,-0.056571830603
38,26,-0.252246702451
38,35, 0.935088056814
38,38, 0.970000000000
39,13, 0.008151188852
39,18, 0.010362126401
39,24, 0.048208306440
39,39, 3.699500000000
40,5,-0.011427776815
40,8,-0.006328130373
40,11,-0.000564887346
40,14,-0.073080890563
40,19,-0.024210546771
40,25,-0.160676494755
40,40, 3.699500000000
41,0,-0.008230464880
41,1, 0.012482669313
41,2, 0.006629475994
41,3, 0.000515174406
41,6, 0.042316807421
41,9, 0.001038798022
41,12,-0.000381985210
41,15, 0.102482159897
41,20,-0.000747283887
41,26, 0.090325022174
41,41, 3.699500000000
42,4,-0.011427776815
42,7,-0.006328130373
42,10,-0.000564887346
42,16,-0.073080890563
42,21,-0.024210546771
42,27,-0.160676494755
42,42, 3.699500000000
43,17, 0.008151188852
43,22, 0.010362126401
43,28, 0.048208306440
43,43, 3.699500000000
