0,0, 3.621951593953
0,1,-2.744461423402
0,2, 0.064333445574
0,3, 0.013203531534
0,30,-0.005576870610
0,31,-0.022592499709
0,32, 0.007443118021
0,35, 0.008891305757
0,38, 0.035217415703
0,41,-0.018149688058
1,0,-2.744461423402
1,1, 2.176253476137
1,2,-0.081421662226
1,3,-0.017339692965
1,30, 0.010101224877
1,31, 0.026563381775
1,32,-0.010624401251
1,35,-0.014813117749
1,38,-0.031831547479
1,41, 0.020343167736
2,0, 0.064333445574
2,1,-0.081421662226
2,2, 0.112635000000
2,3, 0.051962707439
2,30, 0.010889406728
2,31, 0.028791371748
2,32, 0.047305486975
2,35,-0.011588403069
2,38,-0.044309372854
2,41, 0.007214865100
3,0, 0.013203531534
3,1,-0.017339692965
3,2, 0.051962707439
3,3, 0.042480000000
3,30, 0.006989614756
3,31, 0.017627956205
3,32, 0.030678509484
3,35,-0.002051076963
3,38,-0.008818712742
3,41, 0.000461776222
4,4, 0.547745461032
4,7, 0.136562503382
4,10, 0.025334727664
4,33, 0.005462594279
4,36, 0.036082184287
4,42,-0.022791602345
5,5, 0.547745461032
5,8, 0.136562503382
5,11, 0.025334727664
5,34, 0.005462594279
5,37, 0.036082184287
5,40,-0.022791602345
6,6, 0.547745461032
6,9, 0.136562503382
6,12, 0.025334727664
6,30, 0.024997396315
6,31, 0.090604453142
6,32, 0.095606735521
6,35,-0.053893836457
6,38,-0.200321236712
6,41, 0.055692060262
7,4, 0.136562503382
7,7, 0.139450000000
7,10, 0.055479231030
7,33, 0.009090903363
7,36, 0.035788478398
7,42,-0.007102447032
8,5, 0.136562503382
8,8, 0.139450000000
8,11, 0.055479231030
8,34, 0.009090903363
8,37, 0.035788478398
8,40,-0.007102447032
9,6, 0.136562503382
9,9, 0.139450000000
9,12, 0.055479231030
9,30, 0.039937847641
9,31, 0.084630806893
9,32, 0.095167141881
9,35,-0.009822530659
9,38,-0.031115188517
9,41,-0.000835747582
10,4, 0.025334727664
10,7, 0.055479231030
10,10, 0.051250000000
10,33, 0.001946669251
10,36, 0.008671974321
10,42,-0.000548699769
11,5, 0.025334727664
11,8, 0.055479231030
11,11, 0.051250000000
11,34, 0.001946669251
11,37, 0.008671974321
11,40,-0.000548699769
12,6, 0.025334727664
12,9, 0.055479231030
12,12, 0.051250000000
12,30, 0.008611468708
12,31, 0.021154609174
12,32, 0.034259310085
12,35, 0.000522071805
12,38, 0.002564049693
12,41,-0.000424754804
13,13, 0.655900000000
13,18, 0.288969341633
13,39, 0.020180343843
14,14, 0.655900000000
14,19, 0.288969341633
14,34, 0.053530293173
14,37, 0.174722519867
14,40,-0.113816162291
15,15, 0.655900000000
15,20, 0.288969341633
15,30, 0.134968492096
15,31, 0.222332825280
15,32, 0.098026945063
15,35,-0.156015740492
15,38,-0.284447896442
15,41, 0.090841042755
16,16, 0.655900000000
16,21, 0.288969341633
16,33, 0.053530293173
16,36, 0.174722519867
16,42,-0.113816162291
17,17, 0.655900000000
17,22, 0.288969341633
17,43, 0.020180343843
18,13, 0.288969341633
18,18, 0.280350000000
18,39, 0.014418565016
19,14, 0.288969341633
19,19, 0.280350000000
19,34, 0.038831652325
19,37, 0.126080997799
19,40,-0.022970799250
20,15, 0.288969341633
20,20, 0.280350000000
20,30, 0.097451964177
20,31, 0.164168011439
20,32, 0.108746477499
20,35,-0.014443045839
20,38,-0.020945315116
20,41,-0.005655475124
21,16, 0.288969341633
21,21, 0.280350000000
21,33, 0.038831652325
21,36, 0.126080997799
21,42,-0.022970799250
22,17, 0.288969341633
22,22, 0.280350000000
22,43, 0.014418565016
23,23, 0.823050000000
24,24, 0.823050000000
24,39, 0.087258528451
25,25, 0.823050000000
25,34, 0.155486662752
25,37, 0.347152409273
25,40,-0.189993471978
26,26, 0.823050000000
26,30, 0.270870774013
26,31, 0.289746917399
26,32, 0.066453777636
26,35,-0.171262566855
26,38,-0.166429735823
26,41, 0.046971712392
27,27, 0.823050000000
27,33, 0.155486662752
27,36, 0.347152409273
27,42,-0.189993471978
28,28, 0.823050000000
28,43, 0.087258528451
29,29, 0.823050000000
30,0,-0.005576870610
30,1, 0.010101224877
30,2, 0.010889406728
30,3, 0.006989614756
30,6, 0.024997396315
30,9, 0.039937847641
30,12, 0.008611468708
30,15, 0.134968492096
30,20, 0.097451964177
30,26, 0.270870774013
30,30, 2.304679571836
30,31, 0.549013001322
30,32, 0.106269592137
31,0,-0.022592499709
31,1, 0.026563381775
31,2, 0.028791371748
31,3, 0.017627956205
31,6, 0.090604453142
31,9, 0.084630806893
31,12, 0.021154609174
31,15, 0.222332825280
31,20, 0.164168011439
31,26, 0.289746917399
31,30, 0.549013001322
31,31, 0.488700000000
31,32, 0.184799949759
32,0, 0.007443118021
32,1,-0.010624401251
32,2, 0.047305486975
32,3, 0.030678509484
32,6, 0.095606735521
32,9, 0.095167141881
32,12, 0.034259310085
32,15, 0.098026945063
32,20, 0.108746477499
32,26, 0.066453777636
32,30, 0.106269592137
32,31, 0.184799949759
32,32, 0.154050000000
33,4, 0.005462594279
33,7, 0.009090903363
33,10, 0.001946669251
33,16, 0.053530293173
33,21, 0.038831652325
33,27, 0.155486662752
33,33, 3.517500000000
33,36, 0.935088056814
34,5, 0.005462594279
34,8, 0.009090903363
34,11, 0.001946669251
34,14, 0.053530293173
34,19, 0.038831652325
34,25, 0.155486662752
34,34, 3.517500000000
34,37, 0.935088056814
35,0, 0.008891305757
35,1,-0.014813117749
35,2,-0.011588403069
35,3,-0.002051076963
35,6,-0.053893836457
35,9,-0.009822530659
35,12, 0.000522071805
35,15,-0.156015740492
35,20,-0.014443045839
35,26,-0.171262566855
35,35, 3.517500000000
35,38, 0.935088056814
36,4, 0.036082184287
36,7, 0.035788478398
36,10, 0.008671974321
36,16, 0.174722519867
36,21, 0.126080997799
36,27, 0.347152409273
36,33, 0.935088056814
36,36, 0.970000000000
37,5, 0.036082184287
37,8, 0.035788478398
37,11, 0.008671974321
37,14, 0.174722519867
37,19, 0.126080997799
37,25, 0.347152409273
37,34, 0.935088056814
37,37, 0.970000000000
38,0, 0.035217415703
38,1,-0.031831547479
38,2,-0.044309372854
38,3,-0.008818712742
38,6,-0.200321236712
38,9,-0.031115188517
38,12, 0.002564049693
38,15,-0.284447896442
38,20,-0.020945315116
38,26,-0.166429735823
38,35, 0.935088056814
38,38, 0.970000000000
39,13, 0.020180343843
39,18, 0.014418565016
39,24, 0.087258528451
39,39, 3.699500000000
40,5,-0.022791602345
40,8,-0.007102447032
40,11,-0.000548699769
40,14,-0.113816162291
40,19,-0.022970799250
40,25,-0.189993471978
40,40, 3.699500000000
41,0,-0.018149688058
41,1, 0.020343167736
41,2, 0.007214865100
41,3, 0.000461776222
41,6, 0.055692060262
41,9,-0.000835747582
41,12,-0.000424754804
41,15, 0.090841042755
41,20,-0.005655475124
41,26, 0.046971712392
41,41, 3.699500000000
42,4,-0.022791602345
42,7,-0.007102447032
42,10,-0.000548699769
42,16,-0.113816162291
42,21,-0.022970799250
42,27,-0.189993471978
42,42, 3.699500000000
43,17, 0.020180343843
43,22, 0.014418565016
43,28, 0.087258528451
43,43, 3.699500000000
