0,0, 3.621951593953
0,1,-2.744461423402
0,2, 0.064333445574
0,3, 0.013203531534
0,30,-0.001233504116
0,31,-0.011804094128
0,32,-0.001715798364
0,35, 0.002188323937
0,38, 0.023564259589
0,41,-0.005112021323
1,0,-2.744461423402
1,1, 2.176253476137
1,2,-0.081421662226
1,3,-0.017339692965
1,30, 0.002535738473
1,31, 0.015942253710
1,32, 0.001317934745
1,35,-0.004452264070
1,38,-0.028862990719
1,41, 0.008756316956
2,0, 0.064333445574
2,1,-0.081421662226
2,2, 0.112635000000
2,3, 0.051962707439
2,30, 0.003111073693
2,31, 0.012142483387
2,32, 0.029122384228
2,35,-0.007387449479
2,38,-0.030962815022
2,41, 0.006128855968
3,0, 0.013203531534
3,1,-0.017339692965
3,2, 0.051962707439
3,3, 0.042480000000
3,30, 0.005323730119
3,31, 0.013680873205
3,32, 0.024847498496
3,35,-0.001972574978
3,38,-0.008574860393
3,41, 0.000539372352
4,4, 0.547745461032
4,7, 0.136562503382
4,10, 0.025334727664
4,33,-0.001233175769
4,36, 0.006427505427
4,42,-0.006929215114
5,5, 0.547745461032
5,8, 0.136562503382
5,11, 0.025334727664
5,34,-0.001233175769
5,37, 0.006427505427
5,40,-0.006929215114
6,6, 0.547745461032
6,9, 0.136562503382
6,12, 0.025334727664
6,30,-0.005560568854
6,31, 0.024909829488
6,32, 0.064734006172
6,35,-0.021636846607
6,38,-0.106865907136
6,41, 0.035374890301
7,4, 0.136562503382
7,7, 0.139450000000
7,10, 0.055479231030
7,33, 0.005875063758
7,36, 0.024216928566
7,42,-0.005814938695
8,5, 0.136562503382
8,8, 0.139450000000
8,11, 0.055479231030
8,34, 0.005875063758
8,37, 0.024216928566
8,40,-0.005814938695
9,6, 0.136562503382
9,9, 0.139450000000
9,12, 0.055479231030
9,30, 0.030705467850
9,31, 0.068661346782
9,32, 0.085404657848
9,35,-0.012403942114
9,38,-0.042860833876
9,41, 0.002007408810
10,4, 0.025334727664
10,7, 0.055479231030
10,10, 0.051250000000
10,33, 0.001675099355
10,36, 0.007504764401
10,42,-0.000568863033
11,5, 0.025334727664
11,8, 0.055479231030
11,11, 0.051250000000
11,34, 0.001675099355
11,37, 0.007504764401
11,40,-0.000568863033
12,6, 0.025334727664
12,9, 0.055479231030
12,12, 0.051250000000
12,30, 0.008794514595
12,31, 0.021751561711
12,32, 0.035826249379
12,35,-0.000076062353
12,38,-0.000041182565
12,41,-0.000349764585
13,13, 0.655900000000
13,18, 0.288969341633
13,39, 0.004114722185
14,14, 0.655900000000
14,19, 0.288969341633
14,34, 0.011139714413
14,37, 0.072088005082
14,40,-0.052380858339
15,15, 0.655900000000
15,20, 0.288969341633
15,30, 0.035504086759
15,31, 0.118879537021
15,32, 0.085835990723
15,35,-0.089045610606
15,38,-0.248310233960
15,41, 0.097044019662
16,16, 0.655900000000
16,21, 0.288969341633
16,33, 0.011139714413
16,36, 0.072088005082
16,42,-0.052380858339
17,17, 0.655900000000
17,22, 0.288969341633
17,43, 0.004114722185
18,13, 0.288969341633
18,18, 0.280350000000
18,39, 0.008396217637
19,14, 0.288969341633
19,19, 0.280350000000
19,34, 0.026533479672
19,37, 0.093014558769
19,40,-0.023746402698
20,15, 0.288969341633
20,20, 0.280350000000
20,30, 0.079359381180
20,31, 0.146112437413
20,32, 0.112114062217
20,35,-0.029255623307
20,38,-0.072399873913
20,41, 0.002516451251
21,16, 0.288969341633
21,21, 0.280350000000
21,33, 0.026533479672
21,36, 0.093014558769
21,42,-0.023746402698
22,17, 0.288969341633
22,22, 0.280350000000
22,43, 0.008396217637
23,23, 0.823050000000
24,24, 0.823050000000
24,39, 0.032077318681
25,25, 0.823050000000
25,34, 0.063711725872
25,37, 0.203073994552
25,40,-0.134809917028
26,26, 0.823050000000
26,30, 0.134813255443
26,31, 0.213501105116
26,32, 0.072063577410
26,35,-0.160800050801
26,38,-0.272437125737
26,41, 0.105105581558
27,27, 0.823050000000
27,33, 0.063711725872
27,36, 0.203073994552
27,42,-0.134809917028
28,28, 0.823050000000
28,43, 0.032077318681
29,29, 0.823050000000
30,0,-0.001233504116
30,1, 0.002535738473
30,2, 0.003111073693
30,3, 0.005323730119
30,6,-0.005560568854
30,9, 0.030705467850
30,12, 0.008794514595
30,15, 0.035504086759
30,20, 0.079359381180
30,26, 0.134813255443
30,30, 2.304679571836
30,31, 0.549013001322
30,32, 0.106269592137
31,0,-0.011804094128
31,1, 0.015942253710
31,2, 0.012142483387
31,3, 0.013680873205
31,6, 0.024909829488
31,9, 0.068661346782
31,12, 0.021751561711
31,15, 0.118879537021
31,20, 0.146112437413
31,26, 0.213501105116
31,30, 0.549013001322
31,31, 0.488700000000
31,32, 0.184799949759
32,0,-0.001715798364
32,1, 0.001317934745
32,2, 0.029122384228
32,3, 0.024847498496
32,6, 0.064734006172
32,9, 0.085404657848
32,12, 0.035826249379
32,15, 0.085835990723
32,20, 0.112114062217
32,26, 0.072063577410
32,30, 0.106269592137
32,31, 0.184799949759
32,32, 0.154050000000
33,4,-0.001233175769
33,7, 0.005875063758
33,10, 0.001675099355
33,16, 0.011139714413
33,21, 0.026533479672
33,27, 0.063711725872
33,33, 3.517500000000
33,36, 0.935088056814
34,5,-0.001233175769
34,8, 0.005875063758
34,11, 0.001675099355
34,14, 0.011139714413
34,19, 0.026533479672
34,25, 0.063711725872
34,34, 3.517500000000
34,37, 0.935088056814
35,0, 0.002188323937
35,1,-0.004452264070
35,2,-0.007387449479
35,3,-0.001972574978
35,6,-0.021636846607
35,9,-0.012403942114
35,12,-0.000076062353
35,15,-0.089045610606
35,20,-0.029255623307
35,26,-0.160800050800
35,35, 3.517500000000
35,38, 0.935088056814
36,4, 0.006427505427
36,7, 0.024216928566
36,10, 0.007504764401
36,16, 0.072088005082
36,21, 0.093014558769
36,27, 0.203073994552
36,33, 0.935088056814
36,36, 0.970000000000
37,5, 0.006427505427
37,8, 0.024216928566
37,11, 0.007504764401
37,14, 0.072088005082
37,19, 0.093014558769
37,25, 0.203073994552
37,34, 0.935088056814
37,37, 0.970000000000
38,0, 0.023564259589
38,1,-0.028862990719
38,2,-0.030962815022
38,3,-0.008574860393
38,6,-0.106865907136
38,9,-0.042860833876
38,12,-0.000041182565
38,15,-0.248310233960
38,20,-0.072399873913
38,26,-0.272437125737
38,35, 0.935088056814
38,38, 0.970000000000
39,13, 0.004114722185
39,18, 0.008396217637
39,24, 0.032077318681
39,39, 3.699500000000
40,5,-0.006929215114
40,8,-0.005814938695
40,11,-0.000568863033
40,14,-0.052380858339
40,19,-0.023746402698
40,25,-0.134809917028
40,40, 3.699500000000
41,0,-0.005112021323
41,1, 0.008756316956
41,2, 0.006128855968
41,3, 0.000539372352
41,6, 0.035374890301
41,9, 0.002007408810
41,12,-0.000349764585
41,15, 0.097044019662
41,20, 0.002516451251
41,26, 0.105105581559
41,41, 3.699500000000
42,4,-0.006929215114
42,7,-0.005814938695
42,10,-0.000568863033
42,16,-0.052380858339
42,21,-0.023746402698
42,27,-0.134809917028
42,42, 3.699500000000
43,17, 0.004114722185
43,22, 0.008396217637
43,28, 0.032077318681
43,43, 3.699500000000
