0,0, 3.621951593953
0,1,-2.744461423402
0,2, 0.064333445574
0,3, 0.013203531534
0,30,-0.003149104077
0,31,-0.018374728470
0,32, 0.003043913577
0,35, 0.005209328340
0,38, 0.033095161218
0,41,-0.011212722812
1,0,-2.744461423402
1,1, 2.176253476137
1,2,-0.081421662226
1,3,-0.017339692965
1,30, 0.006083065707
1,31, 0.022901084273
1,32,-0.004951582777
1,35,-0.009643181073
1,38,-0.034876189719
1,41, 0.015362386934
2,0, 0.064333445574
2,1,-0.081421662226
2,2, 0.112635000000
2,3, 0.051962707439
2,30, 0.007416994937
2,31, 0.021567185628
2,32, 0.039778374256
2,35,-0.009937987095
2,38,-0.039223443767
2,41, 0.006901280383
3,0, 0.013203531534
3,1,-0.017339692965
3,2, 0.051962707439
3,3, 0.042480000000
3,30, 0.006326184126
3,31, 0.016062154979
3,32, 0.028386403855
3,35,-0.002036706899
3,38,-0.008792395526
3,41, 0.000496392064
4,4, 0.547745461032
4,7, 0.136562503382
4,10, 0.025334727664
4,33, 0.001870719158
4,36, 0.021208781449
4,42,-0.015165263799
5,5, 0.547745461032
5,8, 0.136562503382
5,11, 0.025334727664
5,34, 0.001870719158
5,37, 0.021208781449
5,40,-0.015165263799
6,6, 0.547745461032
6,9, 0.136562503382
6,12, 0.025334727664
6,30, 0.009779294100
6,31, 0.060481043675
6,32, 0.083676617838
6,35,-0.040334208262
6,38,-0.162261873160
6,41, 0.047020463668
7,4, 0.136562503382
7,7, 0.139450000000
7,10, 0.055479231030
7,33, 0.007746404411
7,36, 0.031001218699
7,42,-0.006645197912
8,5, 0.136562503382
8,8, 0.139450000000
8,11, 0.055479231030
8,34, 0.007746404411
8,37, 0.031001218699
8,40,-0.006645197912
9,6, 0.136562503382
9,9, 0.139450000000
9,12, 0.055479231030
9,30, 0.036565997414
9,31, 0.078992141786
9,32, 0.092134131316
9,35,-0.011213892299
9,38,-0.036976802425
9,41, 0.000344041137
10,4, 0.025334727664
10,7, 0.055479231030
10,10, 0.051250000000
10,33, 0.001840887994
10,36, 0.008218019385
10,42,-0.000560125930
11,5, 0.025334727664
11,8, 0.055479231030
11,11, 0.051250000000
11,34, 0.001840887994
11,37, 0.008218019385
11,40,-0.000560125930
12,6, 0.025334727664
12,9, 0.055479231030
12,12, 0.051250000000
12,30, 0.008742680421
12,31, 0.021530993353
12,32, 0.035087692595
12,35, 0.000280194860
12,38, 0.001514057106
12,41,-0.000400444288
13,13, 0.655900000000
13,18, 0.288969341633
13,39, 0.011887893191
14,14, 0.655900000000
14,19, 0.288969341633
14,34, 0.032644938197
14,37, 0.128821463016
14,40,-0.088247561758
15,15, 0.655900000000
15,20, 0.288969341633
15,30, 0.089647274895
15,31, 0.181085295988
15,32, 0.094800745878
15,35,-0.133269865743
15,38,-0.284699845677
15,41, 0.101518133085
16,16, 0.655900000000
16,21, 0.288969341633
16,33, 0.032644938197
16,36, 0.128821463016
16,42,-0.088247561758
17,17, 0.655900000000
17,22, 0.288969341633
17,43, 0.011887893191
18,13, 0.288969341633
18,18, 0.280350000000
18,39, 0.011816237651
19,14, 0.288969341633
19,19, 0.280350000000
19,34, 0.034025095227
19,37, 0.113572082104
19,40,-0.024071231307
20,15, 0.288969341633
20,20, 0.280350000000
20,30, 0.091808417988
20,31, 0.159705760315
20,32, 0.111631185427
20,35,-0.021579280171
20,38,-0.044061282613
20,41,-0.002799530787
21,16, 0.288969341633
21,21, 0.280350000000
21,33, 0.034025095227
21,36, 0.113572082104
21,42,-0.024071231307
22,17, 0.288969341633
22,22, 0.280350000000
22,43, 0.011816237651
23,23, 0.823050000000
24,24, 0.823050000000
24,39, 0.061430693579
25,25, 0.823050000000
25,34, 0.115112941247
25,37, 0.290100960310
25,40,-0.175052975425
26,26, 0.823050000000
26,30, 0.216879612661
26,31, 0.265467954660
26,32, 0.070026366996
26,35,-0.180265365839
26,38,-0.227038074256
26,41, 0.075813103871
27,27, 0.823050000000
27,33, 0.115112941247
27,36, 0.290100960310
27,42,-0.175052975425
28,28, 0.823050000000
28,43, 0.061430693579
29,29, 0.823050000000
30,0,-0.003149104077
30,1, 0.006083065707
30,2, 0.007416994937
30,3, 0.006326184126
30,6, 0.009779294100
30,9, 0.036565997414
30,12, 0.008742680421
30,15, 0.089647274895
30,20, 0.091808417988
30,26, 0.216879612661
30,30, 2.304679571836
30,31, 0.549013001322
30,32, 0.106269592137
31,0,-0.018374728470
31,1, 0.022901084273
31,2, 0.021567185628
31,3, 0.016062154979
31,6, 0.060481043675
31,9, 0.078992141786
31,12, 0.021530993353
31,15, 0.181085295988
31,20, 0.159705760315
31,26, 0.265467954660
31,30, 0.549013001322
31,31, 0.488700000000
31,32, 0.184799949759
32,0, 0.003043913577
32,1,-0.004951582777
32,2, 0.039778374256
32,3, 0.028386403855
32,6, 0.083676617838
32,9, 0.092134131316
32,12, 0.035087692595
32,15, 0.094800745878
32,20, 0.111631185427
32,26, 0.070026366996
32,30, 0.106269592137
32,31, 0.184799949759
32,32, 0.154050000000
33,4, 0.001870719158
33,7, 0.007746404411
33,10, 0.001840887994
33,16, 0.032644938197
33,21, 0.034025095227
33,27, 0.115112941247
33,33, 3.517500000000
33,36, 0.935088056814
34,5, 0.001870719158
34,8, 0.007746404411
34,11, 0.001840887994
34,14, 0.032644938197
34,19, 0.034025095227
34,25, 0.115112941247
34,34, 3.517500000000
34,37, 0.935088056814
35,0, 0.005209328340
35,1,-0.009643181073
35,2,-0.009937987095
35,3,-0.002036706899
35,6,-0.040334208262
35,9,-0.011213892299
35,12, 0.000280194860
35,15,-0.133269865743
35,20,-0.021579280171
35,26,-0.180265365839
35,35, 3.517500000000
35,38, 0.935088056814
36,4, 0.021208781449
36,7, 0.031001218699
36,10, 0.008218019385
36,16, 0.128821463016
36,21, 0.113572082104
36,27, 0.290100960310
36,33, 0.935088056814
36,36, 0.970000000000
37,5, 0.021208781449
37,8, 0.031001218699
37,11, 0.008218019385
37,14, 0.128821463016
37,19, 0.113572082104
37,25, 0.290100960310
37,34, 0.935088056814
37,37, 0.970000000000
38,0, 0.033095161218
38,1,-0.034876189719
38,2,-0.039223443767
38,3,-0.008792395526
38,6,-0.162261873160
38,9,-0.036976802425
38,12, 0.001514057106
38,15,-0.284699845677
38,20,-0.044061282613
38,26,-0.227038074256
38,35, 0.935088056814
38,38, 0.970000000000
39,13, 0.011887893191
39,18, 0.011816237651
39,24, 0.061430693579
39,39, 3.699500000000
40,5,-0.015165263799
40,8,-0.006645197912
40,11,-0.000560125930
40,14,-0.088247561758
40,19,-0.024071231307
40,25,-0.175052975425
40,40, 3.699500000000
41,0,-0.011212722812
41,1, 0.015362386934
41,2, 0.006901280383
41,3, 0.000496392064
41,6, 0.047020463668
41,9, 0.000344041136
41,12,-0.000400444288
41,15, 0.101518133085
41,20,-0.002799530786
41,26, 0.075813103871
41,41, 3.699500000000
42,4,-0.015165263799
42,7,-0.006645197912
42,10,-0.000560125930
42,16,-0.088247561758
42,21,-0.024071231307
42,27,-0.175052975425
42,42, 3.699500000000
43,17, 0.011887893191
43,22, 0.011816237651
43,28, 0.061430693579
43,43, 3.699500000000
