0,0, 3.621951593953
0,1,-2.744461423402
0,2, 0.064333445574
0,3, 0.013203531534
0,30,-0.001295167150
0,31,-0.012104322416
0,32,-0.001530993879
0,35, 0.002289465225
0,38, 0.024086156668
0,41,-0.005321921333
1,0,-2.744461423402
1,1, 2.176253476137
1,2,-0.081421662226
1,3,-0.017339692965
1,30, 0.002656521256
1,31, 0.016284723144
1,32, 0.001070214790
1,35,-0.004643223632
1,38,-0.029311645718
1,41, 0.009036243850
2,0, 0.064333445574
2,1,-0.081421662226
2,2, 0.112635000000
2,3, 0.051962707439
2,30, 0.003296732618
2,31, 0.012563561852
2,32, 0.029625070894
2,35,-0.007512184338
2,38,-0.031378229786
2,41, 0.006174267162
3,0, 0.013203531534
3,1,-0.017339692965
3,2, 0.051962707439
3,3, 0.042480000000
3,30, 0.005373015963
3,31, 0.013798420541
3,32, 0.025023829081
3,35,-0.001976902238
3,38,-0.008590500428
3,41, 0.000537546341
4,4, 0.547745461032
4,7, 0.136562503382
4,10, 0.025334727664
4,33,-0.001133517353
4,36, 0.006975757137
4,42,-0.007257953362
5,5, 0.547745461032
5,8, 0.136562503382
5,11, 0.025334727664
5,34,-0.001133517353
5,37, 0.006975757137
5,40,-0.007257953362
6,6, 0.547745461032
6,9, 0.136562503382
6,12, 0.025334727664
6,30,-0.005005840546
6,31, 0.026382323642
6,32, 0.065675025893
6,35,-0.022488480135
6,38,-0.109452232508
6,41, 0.035958882580
7,4, 0.136562503382
7,7, 0.139450000000
7,10, 0.055479231030
7,33, 0.005962444807
7,36, 0.024537387862
7,42,-0.005859080229
8,5, 0.136562503382
8,8, 0.139450000000
8,11, 0.055479231030
8,34, 0.005962444807
8,37, 0.024537387862
8,40,-0.005859080229
9,6, 0.136562503382
9,9, 0.139450000000
9,12, 0.055479231030
9,30, 0.031010774604
9,31, 0.069213267553
9,32, 0.085792651036
9,35,-0.012370764279
9,38,-0.042655762409
9,41, 0.001930727965
10,4, 0.025334727664
10,7, 0.055479231030
10,10, 0.051250000000
10,33, 0.001683436959
10,36, 0.007540689053
10,42,-0.000568674299
11,5, 0.025334727664
11,8, 0.055479231030
11,11, 0.051250000000
11,34, 0.001683436959
11,37, 0.007540689053
11,40,-0.000568674299
12,6, 0.025334727664
12,9, 0.055479231030
12,12, 0.051250000000
12,30, 0.008796106448
12,31, 0.021750575222
12,32, 0.035804498309
12,35,-0.000058845458
12,38, 0.000034253457
12,41,-0.000352643914
13,13, 0.655900000000
13,18, 0.288969341633
13,39, 0.004388874077
14,14, 0.655900000000
14,19, 0.288969341633
14,34, 0.011940318285
14,37, 0.074501604226
14,40,-0.053989042380
15,15, 0.655900000000
15,20, 0.288969341633
15,30, 0.037712509700
15,31, 0.121830566867
15,32, 0.086381383530
15,35,-0.091304182713
15,38,-0.250918634543
15,41, 0.097769607943
16,16, 0.655900000000
16,21, 0.288969341633
16,33, 0.011940318285
16,36, 0.074501604226
16,42,-0.053989042380
17,17, 0.655900000000
17,22, 0.288969341633
17,43, 0.004388874077
18,13, 0.288969341633
18,18, 0.280350000000
18,39, 0.008550171521
19,14, 0.288969341633
19,19, 0.280350000000
19,34, 0.026901724219
19,37, 0.094054755337
19,40,-0.023813091462
20,15, 0.288969341633
20,20, 0.280350000000
20,30, 0.080064938120
20,31, 0.146958414025
20,32, 0.112201417999
20,35,-0.028973686650
20,38,-0.071224819887
20,41, 0.002241947237
21,16, 0.288969341633
21,21, 0.280350000000
21,33, 0.026901724219
21,36, 0.094054755337
21,42,-0.023813091462
22,17, 0.288969341633
22,22, 0.280350000000
22,43, 0.008550171521
23,23, 0.823050000000
24,24, 0.823050000000
24,39, 0.033259286895
25,25, 0.823050000000
25,34, 0.065911184718
25,37, 0.207233488801
25,40,-0.137085510241
26,26, 0.823050000000
26,30, 0.138665356852
26,31, 0.216369904901
26,32, 0.072063448358
26,35,-0.162502335995
26,38,-0.271539107568
26,41, 0.104228357756
27,27, 0.823050000000
27,33, 0.065911184718
27,36, 0.207233488801
27,42,-0.137085510241
28,28, 0.823050000000
28,43, 0.033259286895
29,29, 0.823050000000
30,0,-0.001295167150
30,1, 0.002656521256
30,2, 0.003296732618
30,3, 0.005373015963
30,6,-0.005005840546
30,9, 0.031010774604
30,12, 0.008796106448
30,15, 0.037712509700
30,20, 0.080064938120
30,26, 0.138665356852
30,30, 2.304679571836
30,31, 0.549013001322
30,32, 0.106269592137
31,0,-0.012104322416
31,1, 0.016284723144
31,2, 0.012563561852
31,3, 0.013798420541
31,6, 0.026382323642
31,9, 0.069213267553
31,12, 0.021750575222
31,15, 0.121830566867
31,20, 0.146958414025
31,26, 0.216369904901
31,30, 0.549013001322
31,31, 0.488700000000
31,32, 0.184799949759
32,0,-0.001530993879
32,1, 0.001070214790
32,2, 0.029625070894
32,3, 0.025023829081
32,6, 0.065675025893
32,9, 0.085792651036
32,12, 0.035804498309
32,15, 0.086381383530
32,20, 0.112201417999
32,26, 0.072063448358
32,30, 0.106269592137
32,31, 0.184799949759
32,32, 0.154050000000
33,4,-0.001133517353
33,7, 0.005962444807
33,10, 0.001683436959
33,16, 0.011940318285
33,21, 0.026901724219
33,27, 0.065911184718
33,33, 3.517500000000
33,36, 0.935088056814
34,5,-0.001133517353
34,8, 0.005962444807
34,11, 0.001683436959
34,14, 0.011940318285
34,19, 0.026901724219
34,25, 0.065911184718
34,34, 3.517500000000
34,37, 0.935088056814
35,0, 0.002289465225
35,1,-0.004643223632
35,2,-0.007512184338
35,3,-0.001976902238
35,6,-0.022488480135
35,9,-0.012370764279
35,12,-0.000058845458
35,15,-0.091304182713
35,20,-0.028973686650
35,26,-0.162502335995
35,35, 3.517500000000
35,38, 0.935088056814
36,4, 0.006975757137
36,7, 0.024537387862
36,10, 0.007540689053
36,16, 0.074501604226
36,21, 0.094054755337
36,27, 0.207233488801
36,33, 0.935088056814
36,36, 0.970000000000
37,5, 0.006975757137
37,8, 0.024537387862
37,11, 0.007540689053
37,14, 0.074501604226
37,19, 0.094054755337
37,25, 0.207233488801
37,34, 0.935088056814
37,37, 0.970000000000
38,0, 0.024086156668
38,1,-0.029311645718
38,2,-0.031378229786
38,3,-0.008590500428
38,6,-0.109452232508
38,9,-0.042655762409
38,12, 0.000034253457
38,15,-0.250918634543
38,20,-0.071224819887
38,26,-0.271539107568
38,35, 0.935088056814
38,38, 0.970000000000
39,13, 0.004388874077
39,18, 0.008550171521
39,24, 0.033259286895
39,39, 3.699500000000
40,5,-0.007257953362
40,8,-0.005859080229
40,11,-0.000568674299
40,14,-0.053989042380
40,19,-0.023813091462
40,25,-0.137085510241
40,40, 3.699500000000
41,0,-0.005321921333
41,1, 0.009036243850
41,2, 0.006174267162
41,3, 0.000537546341
41,6, 0.035958882581
41,9, 0.001930727965
41,12,-0.000352643914
41,15, 0.097769607943
41,20, 0.002241947237
41,26, 0.104228357756
41,41, 3.699500000000
42,4,-0.007257953362
42,7,-0.005859080229
42,10,-0.000568674299
42,16,-0.053989042380
42,21,-0.023813091462
42,27,-0.137085510241
42,42, 3.699500000000
43,17, 0.004388874077
43,22, 0.008550171521
43,28, 0.033259286895
43,43, 3.699500000000
