0,0, 3.621951593953
0,1,-2.744461423402
0,2, 0.064333445574
0,3, 0.013203531534
0,30,-0.059039475637
0,31, 0.115448483170
0,32, 0.063904184876
0,35,-0.064941841994
0,38,-0.445710875794
0,41, 0.600527875110
1,0,-2.744461423402
1,1, 2.176253476137
1,2,-0.081421662226
1,3,-0.017339692965
1,30, 0.019896433906
1,31,-0.144690240827
1,32,-0.080579265215
1,35, 0.149184039265
1,38, 0.488671593975
1,41,-0.588496049935
2,0, 0.064333445574
2,1,-0.081421662226
2,2, 0.112635000000
2,3, 0.051962707439
2,30, 0.044762751445
2,31, 0.091983567726
2,32, 0.102232992809
2,35,-0.015944246220
2,38,-0.053437419540
2,41, 0.004256572047
3,0, 0.013203531534
3,1,-0.017339692965
3,2, 0.051962707439
3,3, 0.042480000000
3,30, 0.011167939525
3,31, 0.027346176098
3,32, 0.044425992050
3,35,-0.001473456683
3,38,-0.006214614453
3,41, 0.000157048587
4,4, 0.547745461032
4,7, 0.136562503382
4,10, 0.025334727664
4,33, 0.144259985137
4,36, 0.326003002396
4,42,-0.242037545014
5,5, 0.547745461032
5,8, 0.136562503382
5,11, 0.025334727664
5,34, 0.144259985137
5,37, 0.326003002396
5,40,-0.242037545014
6,6, 0.547745461032
6,9, 0.136562503382
6,12, 0.025334727664
6,30, 0.302894439430
6,31, 0.332098040448
6,32, 0.121681653361
6,35,-0.223281917603
6,38,-0.118197527692
6,41, 0.113856285280
7,4, 0.136562503382
7,7, 0.139450000000
7,10, 0.055479231030
7,33, 0.019361231651
7,36, 0.070850471402
7,42,-0.006801885704
8,5, 0.136562503382
8,8, 0.139450000000
8,11, 0.055479231030
8,34, 0.019361231651
8,37, 0.070850471402
8,40,-0.006801885704
9,6, 0.136562503382
9,9, 0.139450000000
9,12, 0.055479231030
9,30, 0.041631572029
9,31, 0.080968215793
9,32, 0.077021136469
9,35, 0.010380300579
9,38, 0.041033652857
9,41,-0.006216958738
10,4, 0.025334727664
10,7, 0.055479231030
10,10, 0.051250000000
10,33, 0.002560409733
10,36, 0.011290798963
10,42,-0.000345714373
11,5, 0.025334727664
11,8, 0.055479231030
11,11, 0.051250000000
11,34, 0.002560409733
11,37, 0.011290798963
11,40,-0.000345714373
12,6, 0.025334727664
12,9, 0.055479231030
12,12, 0.051250000000
12,30, 0.005564046169
12,31, 0.013503581930
12,32, 0.021216309778
12,35, 0.002118697717
12,38, 0.009414244997
12,41,-0.000367824258
13,13, 0.655900000000
13,18, 0.288969341633
13,39, 0.183682545765
14,14, 0.655900000000
14,19, 0.288969341633
14,34, 0.266161821400
14,37, 0.464278305211
14,40,-0.052022623985
15,15, 0.655900000000
15,20, 0.288969341633
15,30, 0.317553623041
15,31, 0.260040071302
15,32, 0.055002527730
15,35, 0.102153162250
15,38, 0.265203165968
15,41,-0.036015194558
16,16, 0.655900000000
16,21, 0.288969341633
16,33, 0.266161821400
16,36, 0.464278305211
16,42,-0.052022623985
17,17, 0.655900000000
17,22, 0.288969341633
17,43, 0.183682545765
18,13, 0.288969341633
18,18, 0.280350000000
18,39, 0.037324088173
19,14, 0.288969341633
19,19, 0.280350000000
19,34, 0.050300412188
19,37, 0.144023927939
19,40, 0.015357397872
20,15, 0.288969341633
20,20, 0.280350000000
20,30, 0.061606762727
20,31, 0.089644351814
20,32, 0.046164873146
20,35, 0.040680327709
20,38, 0.122741922057
20,41, 0.012108738785
21,16, 0.288969341633
21,21, 0.280350000000
21,33, 0.050300412188
21,36, 0.144023927939
21,42, 0.015357397872
22,17, 0.288969341633
22,22, 0.280350000000
22,43, 0.037324088173
23,23, 0.823050000000
24,24, 0.823050000000
24,39, 0.298628545201
25,25, 0.823050000000
25,34, 0.283804521572
25,37, 0.383072904569
25,40, 0.155151953502
26,26, 0.823050000000
26,30, 0.236676302578
26,31, 0.143211429018
26,32, 0.017251600259
26,35, 0.205713578081
26,38, 0.322909392084
26,41, 0.145251623608
27,27, 0.823050000000
27,33, 0.283804521572
27,36, 0.383072904569
27,42, 0.155151953502
28,28, 0.823050000000
28,43, 0.298628545201
29,29, 0.823050000000
30,0,-0.059039475637
30,1, 0.019896433906
30,2, 0.044762751445
30,3, 0.011167939525
30,6, 0.302894439430
30,9, 0.041631572029
30,12, 0.005564046169
30,15, 0.317553623041
30,20, 0.061606762727
30,26, 0.236676302578
30,30, 2.304679571836
30,31, 0.549013001322
30,32, 0.106269592137
31,0, 0.115448483170
31,1,-0.144690240827
31,2, 0.091983567726
31,3, 0.027346176098
31,6, 0.332098040448
31,9, 0.080968215793
31,12, 0.013503581930
31,15, 0.260040071302
31,20, 0.089644351814
31,26, 0.143211429018
31,30, 0.549013001322
31,31, 0.488700000000
31,32, 0.184799949759
32,0, 0.063904184876
32,1,-0.080579265215
32,2, 0.102232992809
32,3, 0.044425992050
32,6, 0.121681653361
32,9, 0.077021136469
32,12, 0.021216309778
32,15, 0.055002527730
32,20, 0.046164873146
32,26, 0.017251600259
32,30, 0.106269592137
32,31, 0.184799949759
32,32, 0.154050000000
33,4, 0.144259985137
33,7, 0.019361231651
33,10, 0.002560409733
33,16, 0.266161821400
33,21, 0.050300412188
33,27, 0.283804521572
33,33, 3.517500000000
33,36, 0.935088056814
34,5, 0.144259985137
34,8, 0.019361231651
34,11, 0.002560409733
34,14, 0.266161821400
34,19, 0.050300412188
34,25, 0.283804521572
34,34, 3.517500000000
34,37, 0.935088056814
35,0,-0.064941841994
35,1, 0.149184039265
35,2,-0.015944246220
35,3,-0.001473456683
35,6,-0.223281917603
35,9, 0.010380300579
35,12, 0.002118697717
35,15, 0.102153162250
35,20, 0.040680327709
35,26, 0.205713578081
35,35, 3.517500000000
35,38, 0.935088056814
36,4, 0.326003002396
36,7, 0.070850471402
36,10, 0.011290798963
36,16, 0.464278305211
36,21, 0.144023927939
36,27, 0.383072904569
36,33, 0.935088056814
36,36, 0.970000000000
37,5, 0.326003002396
37,8, 0.070850471402
37,11, 0.011290798963
37,14, 0.464278305211
37,19, 0.144023927939
37,25, 0.383072904569
37,34, 0.935088056814
37,37, 0.970000000000
38,0,-0.445710875794
38,1, 0.488671593975
38,2,-0.053437419540
38,3,-0.006214614453
38,6,-0.118197527692
38,9, 0.041033652857
38,12, 0.009414244997
38,15, 0.265203165968
38,20, 0.122741922057
38,26, 0.322909392084
38,35, 0.935088056814
38,38, 0.970000000000
39,13, 0.183682545765
39,18, 0.037324088173
39,24, 0.298628545201
39,39, 3.699500000000
40,5,-0.242037545014
40,8,-0.006801885704
40,11,-0.000345714373
40,14,-0.052022623985
40,19, 0.015357397872
40,25, 0.155151953502
40,40, 3.699500000000
41,0, 0.600527875110
41,1,-0.588496049935
41,2, 0.004256572047
41,3, 0.000157048587
41,6, 0.113856285280
41,9,-0.006216958738
41,12,-0.000367824258
41,15,-0.036015194559
41,20, 0.012108738785
41,26, 0.145251623608
41,41, 3.699500000000
42,4,-0.242037545014
42,7,-0.006801885704
42,10,-0.000345714373
42,16,-0.052022623985
42,21, 0.015357397872
42,27, 0.155151953502
42,42, 3.699500000000
43,17, 0.183682545765
43,22, 0.037324088173
43,28, 0.298628545201
43,43, 3.699500000000
