0,0, 3.621951593953
0,1,-2.744461423402
0,2, 0.064333445574
0,3, 0.013203531534
0,30,-0.043303251312
0,31,-0.000206367219
0,32, 0.037207135851
0,35, 0.059175892475
0,38,-0.117746591686
0,41,-0.013375117057
1,0,-2.744461423402
1,1, 2.176253476137
1,2,-0.081421662226
1,3,-0.017339692965
1,30, 0.047099773266
1,31,-0.010520637774
1,32,-0.047893065016
1,35,-0.039561710386
1,38, 0.160142974397
1,41,-0.043927288515
2,0, 0.064333445574
2,1,-0.081421662226
2,2, 0.112635000000
2,3, 0.051962707439
2,30, 0.030119325667
2,31, 0.065751888629
2,32, 0.081072415888
2,35,-0.016455791348
2,38,-0.057315203561
2,41, 0.006438833638
3,0, 0.013203531534
3,1,-0.017339692965
3,2, 0.051962707439
3,3, 0.042480000000
3,30, 0.009663954589
3,31, 0.023872965969
3,32, 0.039595336106
3,35,-0.001848863511
3,38,-0.007844635887
3,41, 0.000281740745
4,4, 0.547745461032
4,7, 0.136562503382
4,10, 0.025334727664
4,33, 0.047700798280
4,36, 0.165855425066
4,42,-0.100194657865
5,5, 0.547745461032
5,8, 0.136562503382
5,11, 0.025334727664
5,34, 0.047700798280
5,37, 0.165855425066
5,40,-0.100194657865
6,6, 0.547745461032
6,9, 0.136562503382
6,12, 0.025334727664
6,30, 0.145906039314
6,31, 0.254348162393
6,32, 0.128314803093
6,35,-0.140495715147
6,38,-0.282199180592
6,41, 0.132138829957
7,4, 0.136562503382
7,7, 0.139450000000
7,10, 0.055479231030
7,33, 0.015318960765
7,36, 0.057302808014
7,42,-0.007799710305
8,5, 0.136562503382
8,8, 0.139450000000
8,11, 0.055479231030
8,34, 0.015318960765
8,37, 0.057302808014
8,40,-0.007799710305
9,6, 0.136562503382
9,9, 0.139450000000
9,12, 0.055479231030
9,30, 0.046628529568
9,31, 0.093058557539
9,32, 0.093153003073
9,35, 0.000798251096
9,38, 0.008138941960
9,41,-0.005210276954
10,4, 0.025334727664
10,7, 0.055479231030
10,10, 0.051250000000
10,33, 0.002348302211
10,36, 0.010388404666
10,42,-0.000451798264
11,5, 0.025334727664
11,8, 0.055479231030
11,11, 0.051250000000
11,34, 0.002348302211
11,37, 0.010388404666
11,40,-0.000451798264
12,6, 0.025334727664
12,9, 0.055479231030
12,12, 0.051250000000
12,30, 0.007216043930
12,31, 0.017579478703
12,32, 0.027883530047
12,35, 0.001532492690
12,38, 0.006912519731
12,41,-0.000439410059
13,13, 0.655900000000
13,18, 0.288969341633
13,39, 0.095402527520
14,14, 0.655900000000
14,19, 0.288969341633
14,34, 0.190164106568
14,37, 0.393019526351
14,40,-0.160852885572
15,15, 0.655900000000
15,20, 0.288969341633
15,30, 0.323692533798
15,31, 0.321157451697
15,32, 0.084485039760
15,35,-0.088098673389
15,38,-0.020101715244
15,41,-0.035176327299
16,16, 0.655900000000
16,21, 0.288969341633
16,33, 0.190164106568
16,36, 0.393019526351
16,42,-0.160852885572
17,17, 0.655900000000
17,22, 0.288969341633
17,43, 0.095402527520
18,13, 0.288969341633
18,18, 0.280350000000
18,39, 0.027750141823
19,14, 0.288969341633
19,19, 0.280350000000
19,34, 0.052586813998
19,37, 0.156443008797
19,40,-0.005458422514
20,15, 0.288969341633
20,20, 0.280350000000
20,30, 0.091253188248
20,31, 0.138845076568
20,32, 0.077276503655
20,35, 0.023716885047
20,38, 0.084637451458
20,41,-0.004088907819
21,16, 0.288969341633
21,21, 0.280350000000
21,33, 0.052586813998
21,36, 0.156443008797
21,42,-0.005458422514
22,17, 0.288969341633
22,22, 0.280350000000
22,43, 0.027750141823
23,23, 0.823050000000
24,24, 0.823050000000
24,39, 0.232636839339
25,25, 0.823050000000
25,34, 0.305269810238
25,37, 0.477851769831
25,40,-0.061465549177
26,26, 0.823050000000
26,30, 0.362468521224
26,31, 0.259717766991
26,32, 0.038110853407
26,35, 0.060383953144
26,38, 0.213437312316
26,41, 0.001992155064
27,27, 0.823050000000
27,33, 0.305269810238
27,36, 0.477851769831
27,42,-0.061465549177
28,28, 0.823050000000
28,43, 0.232636839339
29,29, 0.823050000000
30,0,-0.043303251312
30,1, 0.047099773266
30,2, 0.030119325667
30,3, 0.009663954589
30,6, 0.145906039314
30,9, 0.046628529568
30,12, 0.007216043930
30,15, 0.323692533798
30,20, 0.091253188248
30,26, 0.362468521224
30,30, 2.304679571836
30,31, 0.549013001322
30,32, 0.106269592137
31,0,-0.000206367219
31,1,-0.010520637774
31,2, 0.065751888629
31,3, 0.023872965969
31,6, 0.254348162393
31,9, 0.093058557539
31,12, 0.017579478703
31,15, 0.321157451697
31,20, 0.138845076568
31,26, 0.259717766991
31,30, 0.549013001322
31,31, 0.488700000000
31,32, 0.184799949759
32,0, 0.037207135851
32,1,-0.047893065016
32,2, 0.081072415888
32,3, 0.039595336106
32,6, 0.128314803093
32,9, 0.093153003073
32,12, 0.027883530047
32,15, 0.084485039760
32,20, 0.077276503655
32,26, 0.038110853407
32,30, 0.106269592137
32,31, 0.184799949759
32,32, 0.154050000000
33,4, 0.047700798280
33,7, 0.015318960765
33,10, 0.002348302211
33,16, 0.190164106568
33,21, 0.052586813998
33,27, 0.305269810238
33,33, 3.517500000000
33,36, 0.935088056814
34,5, 0.047700798280
34,8, 0.015318960765
34,11, 0.002348302211
34,14, 0.190164106568
34,19, 0.052586813998
34,25, 0.305269810238
34,34, 3.517500000000
34,37, 0.935088056814
35,0, 0.059175892475
35,1,-0.039561710386
35,2,-0.016455791348
35,3,-0.001848863511
35,6,-0.140495715147
35,9, 0.000798251096
35,12, 0.001532492690
35,15,-0.088098673389
35,20, 0.023716885047
35,26, 0.060383953144
35,35, 3.517500000000
35,38, 0.935088056814
36,4, 0.165855425066
36,7, 0.057302808014
36,10, 0.010388404666
36,16, 0.393019526351
36,21, 0.156443008797
36,27, 0.477851769831
36,33, 0.935088056814
36,36, 0.970000000000
37,5, 0.165855425066
37,8, 0.057302808014
37,11, 0.010388404666
37,14, 0.393019526351
37,19, 0.156443008797
37,25, 0.477851769831
37,34, 0.935088056814
37,37, 0.970000000000
38,0,-0.117746591686
38,1, 0.160142974397
38,2,-0.057315203561
38,3,-0.007844635887
38,6,-0.282199180592
38,9, 0.008138941960
38,12, 0.006912519731
38,15,-0.020101715244
38,20, 0.084637451458
38,26, 0.213437312316
38,35, 0.935088056814
38,38, 0.970000000000
39,13, 0.095402527520
39,18, 0.027750141823
39,24, 0.232636839339
39,39, 3.699500000000
40,5,-0.100194657865
40,8,-0.007799710305
40,11,-0.000451798264
40,14,-0.160852885572
40,19,-0.005458422514
40,25,-0.061465549177
40,40, 3.699500000000
41,0,-0.013375117057
41,1,-0.043927288515
41,2, 0.006438833638
41,3, 0.000281740745
41,6, 0.132138829957
41,9,-0.005210276954
41,12,-0.000439410059
41,15,-0.035176327299
41,20,-0.004088907819
41,26, 0.001992155064
41,41, 3.699500000000
42,4,-0.100194657865
42,7,-0.007799710305
42,10,-0.000451798264
42,16,-0.160852885572
42,21,-0.005458422514
42,27,-0.061465549177
42,42, 3.699500000000
43,17, 0.095402527520
43,22, 0.027750141823
43,28, 0.232636839339
43,43, 3.699500000000
