0,0, 3.621951593953
0,1,-2.744461423402
0,2, 0.064333445574
0,3, 0.013203531534
0,30,-0.001497337673
0,31,-0.013028854943
0,32,-0.000944711570
0,35, 0.002618349850
0,38, 0.025653139115
0,41,-0.006001040282
1,0,-2.744461423402
1,1, 2.176253476137
1,2,-0.081421662226
1,3,-0.017339692965
1,30, 0.003049083910
1,31, 0.017325302592
1,32, 0.000287434443
1,35,-0.005255345651
1,38,-0.030603376705
1,41, 0.009910200853
2,0, 0.064333445574
2,1,-0.081421662226
2,2, 0.112635000000
2,3, 0.051962707439
2,30, 0.003872194807
2,31, 0.013858664238
2,32, 0.031153091322
2,35,-0.007889039305
2,38,-0.032625972808
2,41, 0.006306739421
3,0, 0.013203531534
3,1,-0.017339692965
3,2, 0.051962707439
3,3, 0.042480000000
3,30, 0.005521495604
3,31, 0.014152237841
3,32, 0.025553508330
3,35,-0.001989206753
3,38,-0.008634527510
3,41, 0.000531857095
4,4, 0.547745461032
4,7, 0.136562503382
4,10, 0.025334727664
4,33,-0.000803581569
4,36, 0.008728565534
4,42,-0.008292693032
5,5, 0.547745461032
5,8, 0.136562503382
5,11, 0.025334727664
5,34,-0.000803581569
5,37, 0.008728565534
5,40,-0.008292693032
6,6, 0.547745461032
6,9, 0.136562503382
6,12, 0.025334727664
6,30,-0.003215054981
6,31, 0.030988733915
6,32, 0.068508627190
6,35,-0.025104726493
6,38,-0.117349017748
6,41, 0.037702232504
7,4, 0.136562503382
7,7, 0.139450000000
7,10, 0.055479231030
7,33, 0.006228620554
7,36, 0.025511146834
7,42,-0.005990161507
8,5, 0.136562503382
8,8, 0.139450000000
8,11, 0.055479231030
8,34, 0.006228620554
8,37, 0.025511146834
8,40,-0.005990161507
9,6, 0.136562503382
9,9, 0.139450000000
9,12, 0.055479231030
9,30, 0.031921115687
9,31, 0.070850536126
9,32, 0.086926674679
9,35,-0.012255091403
9,38,-0.041985126455
9,41, 0.001695999018
10,4, 0.025334727664
10,7, 0.055479231030
10,10, 0.051250000000
10,33, 0.001708431612
10,36, 0.007648349157
10,42,-0.000567953854
11,5, 0.025334727664
11,8, 0.055479231030
11,11, 0.051250000000
11,34, 0.001708431612
11,37, 0.007648349157
11,40,-0.000567953854
12,6, 0.025334727664
12,9, 0.055479231030
12,12, 0.051250000000
12,30, 0.008798290384
12,31, 0.021741379625
12,32, 0.035729764285
12,35,-0.000006776817
12,38, 0.000262208841
12,41,-0.000361076373
13,13, 0.655900000000
13,18, 0.288969341633
13,39, 0.005274913631
14,14, 0.655900000000
14,19, 0.288969341633
14,34, 0.014503035358
14,37, 0.082010639086
14,40,-0.058949360885
15,15, 0.655900000000
15,20, 0.288969341633
15,30, 0.044657138697
15,31, 0.130817129983
15,32, 0.087962444860
15,35,-0.098110186534
15,38,-0.258335934620
15,41, 0.099671174312
16,16, 0.655900000000
16,21, 0.288969341633
16,33, 0.014503035358
16,36, 0.082010639086
16,42,-0.058949360885
17,17, 0.655900000000
17,22, 0.288969341633
17,43, 0.005274913631
18,13, 0.288969341633
18,18, 0.280350000000
18,39, 0.009022779326
19,14, 0.288969341633
19,19, 0.280350000000
19,34, 0.028013046086
19,37, 0.097175082253
19,40,-0.023983963608
20,15, 0.288969341633
20,20, 0.280350000000
20,30, 0.082137457547
20,31, 0.149400921949
20,32, 0.112394455347
20,35,-0.028062665204
20,38,-0.067539179577
20,41, 0.001418541668
21,16, 0.288969341633
21,21, 0.280350000000
21,33, 0.028013046086
21,36, 0.097175082253
21,42,-0.023983963608
22,17, 0.288969341633
22,22, 0.280350000000
22,43, 0.009022779326
23,23, 0.823050000000
24,24, 0.823050000000
24,39, 0.036978003123
25,25, 0.823050000000
25,34, 0.072753955780
25,37, 0.219878605865
25,40,-0.143814965485
26,26, 0.823050000000
26,30, 0.150438154006
26,31, 0.224853877264
26,32, 0.071999070276
26,35,-0.167231025453
26,38,-0.268006581354
26,41, 0.101200627692
27,27, 0.823050000000
27,33, 0.072753955780
27,36, 0.219878605865
27,42,-0.143814965485
28,28, 0.823050000000
28,43, 0.036978003123
29,29, 0.823050000000
30,0,-0.001497337673
30,1, 0.003049083910
30,2, 0.003872194807
30,3, 0.005521495604
30,6,-0.003215054981
30,9, 0.031921115687
30,12, 0.008798290384
30,15, 0.044657138697
30,20, 0.082137457547
30,26, 0.150438154006
30,30, 2.304679571836
30,31, 0.549013001322
30,32, 0.106269592137
31,0,-0.013028854943
31,1, 0.017325302592
31,2, 0.013858664238
31,3, 0.014152237841
31,6, 0.030988733915
31,9, 0.070850536126
31,12, 0.021741379625
31,15, 0.130817129983
31,20, 0.149400921949
31,26, 0.224853877264
31,30, 0.549013001322
31,31, 0.488700000000
31,32, 0.184799949759
32,0,-0.000944711570
32,1, 0.000287434443
32,2, 0.031153091322
32,3, 0.025553508330
32,6, 0.068508627190
32,9, 0.086926674679
32,12, 0.035729764285
32,15, 0.087962444860
32,20, 0.112394455347
32,26, 0.071999070276
32,30, 0.106269592137
32,31, 0.184799949759
32,32, 0.154050000000
33,4,-0.000803581569
33,7, 0.006228620554
33,10, 0.001708431612
33,16, 0.014503035358
33,21, 0.028013046086
33,27, 0.072753955780
33,33, 3.517500000000
33,36, 0.935088056814
34,5,-0.000803581569
34,8, 0.006228620554
34,11, 0.001708431612
34,14, 0.014503035358
34,19, 0.028013046086
34,25, 0.072753955780
34,34, 3.517500000000
34,37, 0.935088056814
35,0, 0.002618349850
35,1,-0.005255345651
35,2,-0.007889039305
35,3,-0.001989206753
35,6,-0.025104726493
35,9,-0.012255091403
35,12,-0.000006776817
35,15,-0.098110186534
35,20,-0.028062665204
35,26,-0.167231025453
35,35, 3.517500000000
35,38, 0.935088056814
36,4, 0.008728565534
36,7, 0.025511146834
36,10, 0.007648349157
36,16, 0.082010639086
36,21, 0.097175082253
36,27, 0.219878605865
36,33, 0.935088056814
36,36, 0.970000000000
37,5, 0.008728565534
37,8, 0.025511146834
37,11, 0.007648349157
37,14, 0.082010639086
37,19, 0.097175082253
37,25, 0.219878605865
37,34, 0.935088056814
37,37, 0.970000000000
38,0, 0.025653139115
38,1,-0.030603376705
38,2,-0.032625972808
38,3,-0.008634527510
38,6,-0.117349017748
38,9,-0.041985126455
38,12, 0.000262208841
38,15,-0.258335934620
38,20,-0.067539179577
38,26,-0.268006581354
38,35, 0.935088056814
38,38, 0.970000000000
39,13, 0.005274913631
39,18, 0.009022779326
39,24, 0.036978003123
39,39, 3.699500000000
40,5,-0.008292693032
40,8,-0.005990161507
40,11,-0.000567953854
40,14,-0.058949360885
40,19,-0.023983963608
40,25,-0.143814965485
40,40, 3.699500000000
41,0,-0.006001040282
41,1, 0.009910200853
41,2, 0.006306739421
41,3, 0.000531857095
41,6, 0.037702232504
41,9, 0.001695999017
41,12,-0.000361076373
41,15, 0.099671174312
41,20, 0.001418541668
41,26, 0.101200627692
41,41, 3.699500000000
42,4,-0.008292693032
42,7,-0.005990161507
42,10,-0.000567953854
42,16,-0.058949360885
42,21,-0.023983963608
42,27,-0.143814965485
42,42, 3.699500000000
43,17, 0.005274913631
43,22, 0.009022779326
43,28, 0.036978003123
43,43, 3.699500000000
