0,0, 3.621951593953
0,1,-2.744461423402
0,2, 0.064333445574
0,3, 0.013203531534
0,30,-0.033622888173
0,31,-0.011796259665
0,32, 0.031751587925
0,35, 0.048454016162
0,38,-0.068564736677
0,41,-0.037018346594
1,0,-2.744461423402
1,1, 2.176253476137
1,2,-0.081421662226
1,3,-0.017339692965
1,30, 0.040391042417
1,31, 0.004620421154
1,32,-0.041148739813
1,35,-0.039818119112
1,38, 0.105610583444
1,41,-0.007731254094
2,0, 0.064333445574
2,1,-0.081421662226
2,2, 0.112635000000
2,3, 0.051962707439
2,30, 0.026908444346
2,31, 0.059825283430
2,32, 0.076034271977
2,35,-0.016076204026
2,38,-0.056600453477
2,41, 0.006771261183
3,0, 0.013203531534
3,1,-0.017339692965
3,2, 0.051962707439
3,3, 0.042480000000
3,30, 0.009289378767
3,31, 0.023003961214
3,32, 0.038373545669
3,35,-0.001906552636
3,38,-0.008102569798
3,41, 0.000310395352
4,4, 0.547745461032
4,7, 0.136562503382
4,10, 0.025334727664
4,33, 0.036784764666
4,36, 0.138290015835
4,42,-0.080819473395
5,5, 0.547745461032
5,8, 0.136562503382
5,11, 0.025334727664
5,34, 0.036784764666
5,37, 0.138290015835
5,40,-0.080819473395
6,6, 0.547745461032
6,9, 0.136562503382
6,12, 0.025334727664
6,30, 0.120424705473
6,31, 0.229392923702
6,32, 0.126138229511
6,35,-0.121978988013
6,38,-0.287307256661
6,41, 0.118249448853
7,4, 0.136562503382
7,7, 0.139450000000
7,10, 0.055479231030
7,33, 0.014371272676
7,36, 0.054085637259
7,42,-0.007849080340
8,5, 0.136562503382
8,8, 0.139450000000
8,11, 0.055479231030
8,34, 0.014371272676
8,37, 0.054085637259
8,40,-0.007849080340
9,6, 0.136562503382
9,9, 0.139450000000
9,12, 0.055479231030
9,30, 0.046605355642
9,31, 0.093679058858
9,32, 0.095098493884
9,35,-0.001180330387
9,38, 0.001148773702
9,41,-0.004715938904
10,4, 0.025334727664
10,7, 0.055479231030
10,10, 0.051250000000
10,33, 0.002294095045
10,36, 0.010157356682
10,42,-0.000471091930
11,5, 0.025334727664
11,8, 0.055479231030
11,11, 0.051250000000
11,34, 0.002294095045
11,37, 0.010157356682
11,40,-0.000471091930
12,6, 0.025334727664
12,9, 0.055479231030
12,12, 0.051250000000
12,30, 0.007508340675
12,31, 0.018310413856
12,32, 0.029117715786
12,35, 0.001388212483
12,38, 0.006294687184
12,41,-0.000446543311
13,13, 0.655900000000
13,18, 0.288969341633
13,39, 0.079549143677
14,14, 0.655900000000
14,19, 0.288969341633
14,34, 0.167536516435
14,37, 0.363539603573
14,40,-0.166505167727
15,15, 0.655900000000
15,20, 0.288969341633
15,30, 0.304563445542
15,31, 0.319212549324
15,32, 0.089221412567
15,35,-0.119018268746
15,38,-0.082666357236
15,41,-0.016683408735
16,16, 0.655900000000
16,21, 0.288969341633
16,33, 0.167536516435
16,36, 0.363539603573
16,42,-0.166505167727
17,17, 0.655900000000
17,22, 0.288969341633
17,43, 0.079549143677
18,13, 0.288969341633
18,18, 0.280350000000
18,39, 0.025602144216
19,14, 0.288969341633
19,19, 0.280350000000
19,34, 0.051594674595
19,37, 0.155115289235
19,40,-0.009324733474
20,15, 0.288969341633
20,20, 0.280350000000
20,30, 0.095411245227
20,31, 0.146963829589
20,32, 0.083549693948
20,35, 0.018182319966
20,38, 0.070666617949
20,41,-0.006082612653
21,16, 0.288969341633
21,21, 0.280350000000
21,33, 0.051594674595
21,36, 0.155115289235
21,42,-0.009324733474
22,17, 0.288969341633
22,22, 0.280350000000
22,43, 0.025602144216
23,23, 0.823050000000
24,24, 0.823050000000
24,39, 0.210497717061
25,25, 0.823050000000
25,34, 0.292240434185
25,37, 0.476736306262
25,40,-0.101808848432
26,26, 0.823050000000
26,30, 0.370333241562
26,31, 0.278102173456
26,32, 0.043075853651
26,35, 0.014574564607
26,38, 0.160662013104
26,41,-0.010486657317
27,27, 0.823050000000
27,33, 0.292240434185
27,36, 0.476736306262
27,42,-0.101808848432
28,28, 0.823050000000
28,43, 0.210497717061
29,29, 0.823050000000
30,0,-0.033622888173
30,1, 0.040391042417
30,2, 0.026908444346
30,3, 0.009289378767
30,6, 0.120424705473
30,9, 0.046605355642
30,12, 0.007508340675
30,15, 0.304563445542
30,20, 0.095411245227
30,26, 0.370333241562
30,30, 2.304679571836
30,31, 0.549013001322
30,32, 0.106269592137
31,0,-0.011796259665
31,1, 0.004620421154
31,2, 0.059825283430
31,3, 0.023003961214
31,6, 0.229392923702
31,9, 0.093679058858
31,12, 0.018310413856
31,15, 0.319212549324
31,20, 0.146963829589
31,26, 0.278102173456
31,30, 0.549013001322
31,31, 0.488700000000
31,32, 0.184799949759
32,0, 0.031751587925
32,1,-0.041148739813
32,2, 0.076034271977
32,3, 0.038373545669
32,6, 0.126138229511
32,9, 0.095098493884
32,12, 0.029117715786
32,15, 0.089221412567
32,20, 0.083549693948
32,26, 0.043075853651
32,30, 0.106269592137
32,31, 0.184799949759
32,32, 0.154050000000
33,4, 0.036784764666
33,7, 0.014371272676
33,10, 0.002294095045
33,16, 0.167536516435
33,21, 0.051594674595
33,27, 0.292240434185
33,33, 3.517500000000
33,36, 0.935088056814
34,5, 0.036784764666
34,8, 0.014371272676
34,11, 0.002294095045
34,14, 0.167536516435
34,19, 0.051594674595
34,25, 0.292240434185
34,34, 3.517500000000
34,37, 0.935088056814
35,0, 0.048454016162
35,1,-0.039818119112
35,2,-0.016076204026
35,3,-0.001906552636
35,6,-0.121978988013
35,9,-0.001180330387
35,12, 0.001388212483
35,15,-0.119018268746
35,20, 0.018182319966
35,26, 0.014574564607
35,35, 3.517500000000
35,38, 0.935088056814
36,4, 0.138290015835
36,7, 0.054085637259
36,10, 0.010157356682
36,16, 0.363539603573
36,21, 0.155115289235
36,27, 0.476736306262
36,33, 0.935088056814
36,36, 0.970000000000
37,5, 0.138290015835
37,8, 0.054085637259
37,11, 0.010157356682
37,14, 0.363539603573
37,19, 0.155115289235
37,25, 0.476736306262
37,34, 0.935088056814
37,37, 0.970000000000
38,0,-0.068564736677
38,1, 0.105610583444
38,2,-0.056600453477
38,3,-0.008102569798
38,6,-0.287307256661
38,9, 0.001148773702
38,12, 0.006294687184
38,15,-0.082666357236
38,20, 0.070666617949
38,26, 0.160662013104
38,35, 0.935088056814
38,38, 0.970000000000
39,13, 0.079549143677
39,18, 0.025602144216
39,24, 0.210497717061
39,39, 3.699500000000
40,5,-0.080819473395
40,8,-0.007849080340
40,11,-0.000471091930
40,14,-0.166505167727
40,19,-0.009324733474
40,25,-0.101808848432
40,40, 3.699500000000
41,0,-0.037018346594
41,1,-0.007731254094
41,2, 0.006771261183
41,3, 0.000310395352
41,6, 0.118249448853
41,9,-0.004715938904
41,12,-0.000446543311
41,15,-0.016683408735
41,20,-0.006082612653
41,26,-0.010486657317
41,41, 3.699500000000
42,4,-0.080819473395
42,7,-0.007849080340
42,10,-0.000471091930
42,16,-0.166505167727
42,21,-0.009324733474
42,27,-0.101808848432
42,42, 3.699500000000
43,17, 0.079549143677
43,22, 0.025602144216
43,28, 0.210497717061
43,43, 3.699500000000
