0,0, 3.621951593953
0,1,-2.744461423402
0,2, 0.064333445574
0,3, 0.013203531534
0,30,-0.067276246055
0,31, 0.092705750370
0,32, 0.060136902766
0,35,-0.006177982653
0,38,-0.395565078054
0,41, 0.448296487088
1,0,-2.744461423402
1,1, 2.176253476137
1,2,-0.081421662226
1,3,-0.017339692965
1,30, 0.036578204828
1,31,-0.119395962585
1,32,-0.075993007717
1,35, 0.086983080194
1,38, 0.441241098007
1,41,-0.468208205871
2,0, 0.064333445574
2,1,-0.081421662226
2,2, 0.112635000000
2,3, 0.051962707439
2,30, 0.042782201428
2,31, 0.088500913169
2,32, 0.099515712083
2,35,-0.016252109976
2,38,-0.054711187199
2,41, 0.004606472806
3,0, 0.013203531534
3,1,-0.017339692965
3,2, 0.051962707439
3,3, 0.042480000000
3,30, 0.010980423312
3,31, 0.026914458617
3,32, 0.043829870771
3,35,-0.001536382875
3,38,-0.006484555440
3,41, 0.000173390774
4,4, 0.547745461032
4,7, 0.136562503382
4,10, 0.025334727664
4,33, 0.124455848216
4,36, 0.300803491397
4,42,-0.217308870310
5,5, 0.547745461032
5,8, 0.136562503382
5,11, 0.025334727664
5,34, 0.124455848216
5,37, 0.300803491397
5,40,-0.217308870310
6,6, 0.547745461032
6,9, 0.136562503382
6,12, 0.025334727664
6,30, 0.277791663049
6,31, 0.326641112094
6,32, 0.124331342411
6,35,-0.216410086459
6,38,-0.156313219185
6,41, 0.130968378899
7,4, 0.136562503382
7,7, 0.139450000000
7,10, 0.055479231030
7,33, 0.018836829838
7,36, 0.069107456772
7,42,-0.007017563527
8,5, 0.136562503382
8,8, 0.139450000000
8,11, 0.055479231030
8,34, 0.018836829838
8,37, 0.069107456772
8,40,-0.007017563527
9,6, 0.136562503382
9,9, 0.139450000000
9,12, 0.055479231030
9,30, 0.042838032760
9,31, 0.083564872012
9,32, 0.079965212746
9,35, 0.009041702336
9,38, 0.036512661935
9,41,-0.006211875258
10,4, 0.025334727664
10,7, 0.055479231030
10,10, 0.051250000000
10,33, 0.002534416071
10,36, 0.011180349603
10,42,-0.000362200685
11,5, 0.025334727664
11,8, 0.055479231030
11,11, 0.051250000000
11,34, 0.002534416071
11,37, 0.011180349603
11,40,-0.000362200685
12,6, 0.025334727664
12,9, 0.055479231030
12,12, 0.051250000000
12,30, 0.005824208617
12,31, 0.014141291728
12,32, 0.022243078581
12,35, 0.002045065226
12,38, 0.009100699815
12,41,-0.000381461031
13,13, 0.655900000000
13,18, 0.288969341633
13,39, 0.170231783957
14,14, 0.655900000000
14,19, 0.288969341633
14,34, 0.260042384295
14,37, 0.462435637765
14,40,-0.075213192981
15,15, 0.655900000000
15,20, 0.288969341633
15,30, 0.328409539967
15,31, 0.274883694585
15,32, 0.059630330386
15,35, 0.074971550394
15,38, 0.231166028169
15,41,-0.046583299202
16,16, 0.655900000000
16,21, 0.288969341633
16,33, 0.260042384295
16,36, 0.462435637765
16,42,-0.075213192981
17,17, 0.655900000000
17,22, 0.288969341633
17,43, 0.170231783957
18,13, 0.288969341633
18,18, 0.280350000000
18,39, 0.036046492024
19,14, 0.288969341633
19,19, 0.280350000000
19,34, 0.051338054925
19,37, 0.147652280547
19,40, 0.012277617990
20,15, 0.288969341633
20,20, 0.280350000000
20,30, 0.066507794399
20,31, 0.097281249789
20,32, 0.050555342099
20,35, 0.039380510225
20,38, 0.120468969137
20,41, 0.009289496676
21,16, 0.288969341633
21,21, 0.280350000000
21,33, 0.051338054925
21,36, 0.147652280547
21,42, 0.012277617990
22,17, 0.288969341633
22,22, 0.280350000000
22,43, 0.036046492024
23,23, 0.823050000000
24,24, 0.823050000000
24,39, 0.294508118321
25,25, 0.823050000000
25,34, 0.295168109756
25,37, 0.405303076923
25,40, 0.126368410841
26,26, 0.823050000000
26,30, 0.260504441128
26,31, 0.160751490068
26,32, 0.019816424006
26,35, 0.196019746038
26,38, 0.322981905582
26,41, 0.120579287042
27,27, 0.823050000000
27,33, 0.295168109756
27,36, 0.405303076923
27,42, 0.126368410841
28,28, 0.823050000000
28,43, 0.294508118321
29,29, 0.823050000000
30,0,-0.067276246055
30,1, 0.036578204828
30,2, 0.042782201428
30,3, 0.010980423312
30,6, 0.277791663049
30,9, 0.042838032760
30,12, 0.005824208617
30,15, 0.328409539967
30,20, 0.066507794399
30,26, 0.260504441128
30,30, 2.304679571836
30,31, 0.549013001322
30,32, 0.106269592137
31,0, 0.092705750370
31,1,-0.119395962585
31,2, 0.088500913169
31,3, 0.026914458617
31,6, 0.326641112094
31,9, 0.083564872012
31,12, 0.014141291728
31,15, 0.274883694585
31,20, 0.097281249789
31,26, 0.160751490068
31,30, 0.549013001322
31,31, 0.488700000000
31,32, 0.184799949759
32,0, 0.060136902766
32,1,-0.075993007717
32,2, 0.099515712083
32,3, 0.043829870771
32,6, 0.124331342411
32,9, 0.079965212746
32,12, 0.022243078581
32,15, 0.059630330386
32,20, 0.050555342099
32,26, 0.019816424006
32,30, 0.106269592137
32,31, 0.184799949759
32,32, 0.154050000000
33,4, 0.124455848216
33,7, 0.018836829838
33,10, 0.002534416071
33,16, 0.260042384295
33,21, 0.051338054925
33,27, 0.295168109756
33,33, 3.517500000000
33,36, 0.935088056814
34,5, 0.124455848216
34,8, 0.018836829838
34,11, 0.002534416071
34,14, 0.260042384295
34,19, 0.051338054925
34,25, 0.295168109756
34,34, 3.517500000000
34,37, 0.935088056814
35,0,-0.006177982653
35,1, 0.086983080194
35,2,-0.016252109976
35,3,-0.001536382875
35,6,-0.216410086459
35,9, 0.009041702336
35,12, 0.002045065226
35,15, 0.074971550394
35,20, 0.039380510225
35,26, 0.196019746038
35,35, 3.517500000000
35,38, 0.935088056814
36,4, 0.300803491397
36,7, 0.069107456772
36,10, 0.011180349603
36,16, 0.462435637765
36,21, 0.147652280547
36,27, 0.405303076923
36,33, 0.935088056814
36,36, 0.970000000000
37,5, 0.300803491397
37,8, 0.069107456772
37,11, 0.011180349603
37,14, 0.462435637765
37,19, 0.147652280547
37,25, 0.405303076923
37,34, 0.935088056814
37,37, 0.970000000000
38,0,-0.395565078054
38,1, 0.441241098007
38,2,-0.054711187199
38,3,-0.006484555440
38,6,-0.156313219185
38,9, 0.036512661935
38,12, 0.009100699815
38,15, 0.231166028169
38,20, 0.120468969137
38,26, 0.322981905582
38,35, 0.935088056814
38,38, 0.970000000000
39,13, 0.170231783957
39,18, 0.036046492024
39,24, 0.294508118321
39,39, 3.699500000000
40,5,-0.217308870310
40,8,-0.007017563527
40,11,-0.000362200685
40,14,-0.075213192981
40,19, 0.012277617990
40,25, 0.126368410841
40,40, 3.699500000000
41,0, 0.448296487088
41,1,-0.468208205871
41,2, 0.004606472806
41,3, 0.000173390774
41,6, 0.130968378899
41,9,-0.006211875258
41,12,-0.000381461031
41,15,-0.046583299202
41,20, 0.009289496676
41,26, 0.120579287042
41,41, 3.699500000000
42,4,-0.217308870310
42,7,-0.007017563527
42,10,-0.000362200685
42,16,-0.075213192981
42,21, 0.012277617990
42,27, 0.126368410841
42,42, 3.699500000000
43,17, 0.170231783957
43,22, 0.036046492024
43,28, 0.294508118321
43,43, 3.699500000000
