0,0, 3.621951593953
0,1,-2.744461423402
0,2, 0.064333445574
0,3, 0.013203531534
0,30,-0.038299904144
0,31,-0.006542282330
0,32, 0.034443727626
0,35, 0.053955867148
0,38,-0.091759051550
0,41,-0.027902011423
1,0,-2.744461423402
1,1, 2.176253476137
1,2,-0.081421662226
1,3,-0.017339692965
1,30, 0.043828948273
1,31,-0.002359032205
1,32,-0.044480280816
1,35,-0.040293977562
1,38, 0.131627723832
1,41,-0.023375249201
2,0, 0.064333445574
2,1,-0.081421662226
2,2, 0.112635000000
2,3, 0.051962707439
2,30, 0.028504769704
2,31, 0.062781067822
2,32, 0.078560815528
2,35,-0.016285674135
2,38,-0.057023144320
2,41, 0.006613741520
3,0, 0.013203531534
3,1,-0.017339692965
3,2, 0.051962707439
3,3, 0.042480000000
3,30, 0.009478108955
3,31, 0.023442019782
3,32, 0.038990137178
3,35,-0.001878918250
3,38,-0.007978527704
3,41, 0.000296084504
4,4, 0.547745461032
4,7, 0.136562503382
4,10, 0.025334727664
4,33, 0.041924998997
4,36, 0.151678576265
4,42,-0.090011888581
5,5, 0.547745461032
5,8, 0.136562503382
5,11, 0.025334727664
5,34, 0.041924998997
5,37, 0.151678576265
5,40,-0.090011888581
6,6, 0.547745461032
6,9, 0.136562503382
6,12, 0.025334727664
6,30, 0.132745890112
6,31, 0.242020038386
6,32, 0.127374906366
6,35,-0.130954887895
6,38,-0.285915680279
6,41, 0.125394154148
7,4, 0.136562503382
7,7, 0.139450000000
7,10, 0.055479231030
7,33, 0.014845775886
7,36, 0.055698612712
7,42,-0.007831918130
8,5, 0.136562503382
8,8, 0.139450000000
8,11, 0.055479231030
8,34, 0.014845775886
8,37, 0.055698612712
8,40,-0.007831918130
9,6, 0.136562503382
9,9, 0.139450000000
9,12, 0.055479231030
9,30, 0.046665770223
9,31, 0.093459748834
9,32, 0.094200820261
9,35,-0.000203629240
9,38, 0.004610522388
9,41,-0.004973318667
10,4, 0.025334727664
10,7, 0.055479231030
10,10, 0.051250000000
10,33, 0.002321481178
10,36, 0.010274107534
10,42,-0.000461651644
11,5, 0.025334727664
11,8, 0.055479231030
11,11, 0.051250000000
11,34, 0.002321481178
11,37, 0.010274107534
11,40,-0.000461651644
12,6, 0.025334727664
12,9, 0.055479231030
12,12, 0.051250000000
12,30, 0.007365790763
12,31, 0.017953376176
12,32, 0.028512628440
12,35, 0.001460813513
12,38, 0.006605689173
12,41,-0.000443387115
13,13, 0.655900000000
13,18, 0.288969341633
13,39, 0.087270572435
14,14, 0.655900000000
14,19, 0.288969341633
14,34, 0.178915941349
14,37, 0.378669252819
14,40,-0.164455550657
15,15, 0.655900000000
15,20, 0.288969341633
15,30, 0.314871064621
15,31, 0.320885250940
15,32, 0.086959422827
15,35,-0.104419727818
15,38,-0.052003008731
15,41,-0.026400572128
16,16, 0.655900000000
16,21, 0.288969341633
16,33, 0.178915941349
16,36, 0.378669252819
16,42,-0.164455550657
17,17, 0.655900000000
17,22, 0.288969341633
17,43, 0.087270572435
18,13, 0.288969341633
18,18, 0.280350000000
18,39, 0.026672767681
19,14, 0.288969341633
19,19, 0.280350000000
19,34, 0.052150649462
19,37, 0.155948888670
19,40,-0.007439195819
20,15, 0.288969341633
20,20, 0.280350000000
20,30, 0.093466441382
20,31, 0.143071692378
20,32, 0.080463385738
20,35, 0.020997023527
20,38, 0.077829001782
20,41,-0.005167871427
21,16, 0.288969341633
21,21, 0.280350000000
21,33, 0.052150649462
21,36, 0.155948888670
21,42,-0.007439195819
22,17, 0.288969341633
22,22, 0.280350000000
22,43, 0.026672767681
23,23, 0.823050000000
24,24, 0.823050000000
24,39, 0.221721268366
25,25, 0.823050000000
25,34, 0.299434574424
25,37, 0.478295429127
25,40,-0.082407374499
26,26, 0.823050000000
26,30, 0.367472950678
26,31, 0.269430802838
26,32, 0.040599888239
26,35, 0.037545756311
26,38, 0.187913149979
26,41,-0.005338574145
27,27, 0.823050000000
27,33, 0.299434574424
27,36, 0.478295429127
27,42,-0.082407374499
28,28, 0.823050000000
28,43, 0.221721268366
29,29, 0.823050000000
30,0,-0.038299904144
30,1, 0.043828948273
30,2, 0.028504769704
30,3, 0.009478108955
30,6, 0.132745890112
30,9, 0.046665770223
30,12, 0.007365790763
30,15, 0.314871064621
30,20, 0.093466441382
30,26, 0.367472950678
30,30, 2.304679571836
30,31, 0.549013001322
30,32, 0.106269592137
31,0,-0.006542282330
31,1,-0.002359032205
31,2, 0.062781067822
31,3, 0.023442019782
31,6, 0.242020038386
31,9, 0.093459748834
31,12, 0.017953376176
31,15, 0.320885250940
31,20, 0.143071692378
31,26, 0.269430802838
31,30, 0.549013001322
31,31, 0.488700000000
31,32, 0.184799949759
32,0, 0.034443727626
32,1,-0.044480280816
32,2, 0.078560815528
32,3, 0.038990137178
32,6, 0.127374906366
32,9, 0.094200820261
32,12, 0.028512628440
32,15, 0.086959422827
32,20, 0.080463385738
32,26, 0.040599888239
32,30, 0.106269592137
32,31, 0.184799949759
32,32, 0.154050000000
33,4, 0.041924998997
33,7, 0.014845775886
33,10, 0.002321481178
33,16, 0.178915941349
33,21, 0.052150649462
33,27, 0.299434574424
33,33, 3.517500000000
33,36, 0.935088056814
34,5, 0.041924998997
34,8, 0.014845775886
34,11, 0.002321481178
34,14, 0.178915941349
34,19, 0.052150649462
34,25, 0.299434574424
34,34, 3.517500000000
34,37, 0.935088056814
35,0, 0.053955867148
35,1,-0.040293977562
35,2,-0.016285674135
35,3,-0.001878918250
35,6,-0.130954887895
35,9,-0.000203629240
35,12, 0.001460813513
35,15,-0.104419727818
35,20, 0.020997023527
35,26, 0.037545756311
35,35, 3.517500000000
35,38, 0.935088056814
36,4, 0.151678576265
36,7, 0.055698612712
36,10, 0.010274107534
36,16, 0.378669252819
36,21, 0.155948888670
36,27, 0.478295429127
36,33, 0.935088056814
36,36, 0.970000000000
37,5, 0.151678576265
37,8, 0.055698612712
37,11, 0.010274107534
37,14, 0.378669252819
37,19, 0.155948888670
37,25, 0.478295429127
37,34, 0.935088056814
37,37, 0.970000000000
38,0,-0.091759051550
38,1, 0.131627723832
38,2,-0.057023144320
38,3,-0.007978527704
38,6,-0.285915680279
38,9, 0.004610522388
38,12, 0.006605689173
38,15,-0.052003008731
38,20, 0.077829001782
38,26, 0.187913149979
38,35, 0.935088056814
38,38, 0.970000000000
39,13, 0.087270572435
39,18, 0.026672767681
39,24, 0.221721268366
39,39, 3.699500000000
40,5,-0.090011888581
40,8,-0.007831918130
40,11,-0.000461651644
40,14,-0.164455550657
40,19,-0.007439195819
40,25,-0.082407374499
40,40, 3.699500000000
41,0,-0.027902011423
41,1,-0.023375249201
41,2, 0.006613741520
41,3, 0.000296084505
41,6, 0.125394154148
41,9,-0.004973318667
41,12,-0.000443387115
41,15,-0.026400572128
41,20,-0.005167871427
41,26,-0.005338574145
41,41, 3.699500000000
42,4,-0.090011888581
42,7,-0.007831918130
42,10,-0.000461651644
42,16,-0.164455550657
42,21,-0.007439195819
42,27,-0.082407374499
42,42, 3.699500000000
43,17, 0.087270572435
43,22, 0.026672767681
43,28, 0.221721268366
43,43, 3.699500000000
