0,0, 1.000000000000
0,1,-0.978006127515
0,2, 0.309365546793
0,3, 0.160526524698
0,30, 0.137886604309
0,31, 0.319153532273
0,32, 0.283818543524
0,35,-0.217369513466
0,38,-0.480846785364
0,41, 0.332089147328
1,0,-0.978006127515
1,1, 1.000000000000
1,2,-0.401295671468
1,3,-0.212880285889
1,30,-0.189697902245
1,31,-0.402267170748
1,32,-0.367043755362
1,35, 0.254718216994
1,38, 0.552020962573
1,41,-0.326054606570
2,0, 0.309365546793
2,1,-0.401295671468
2,2, 1.000000000000
2,3, 0.842282352238
2,30, 0.245940141310
2,31, 0.573016430433
2,32, 0.861023831241
2,35,-0.048960161778
2,38,-0.183884500834
2,41, 0.009233297058
3,0, 0.160526524698
3,1,-0.212880285889
3,2, 0.842282352238
3,3, 1.000000000000
3,30, 0.142435852391
3,31, 0.369269466706
3,32, 0.698390082153
3,35,-0.010984512922
3,38,-0.048646860234
3,41, 0.000833321777
4,4, 1.000000000000
4,7, 0.640958378469
4,10, 0.275826042302
4,33, 0.209074367077
4,36, 0.580863533620
4,42,-0.187923440401
5,5, 1.000000000000
5,8, 0.640958378469
5,11, 0.275826042302
5,34, 0.209074367077
5,37, 0.580863533620
5,40,-0.187923440401
6,6, 1.000000000000
6,9, 0.640958378469
6,12, 0.275826042302
6,30, 0.442225982444
6,31, 0.627673292815
6,32, 0.400791251166
6,35,-0.065401643630
6,38, 0.095243998169
6,41,-0.041784503601
7,4, 0.640958378469
7,7, 1.000000000000
7,10, 0.740182379030
7,33, 0.077187426780
7,36, 0.308793943142
7,42,-0.019220405090
8,5, 0.640958378469
8,8, 1.000000000000
8,11, 0.740182379030
8,34, 0.077187426780
8,37, 0.308793943142
8,40,-0.019220405090
9,6, 0.640958378469
9,9, 1.000000000000
9,12, 0.740182379030
9,30, 0.166794072065
9,31, 0.360828452522
9,32, 0.445662041772
9,35, 0.052110826996
9,38, 0.217605505437
9,41,-0.018633610536
10,4, 0.275826042302
10,7, 0.740182379030
10,10, 1.000000000000
10,33, 0.025979267559
10,36, 0.118774900818
10,42,-0.002499362029
11,5, 0.275826042302
11,8, 0.740182379030
11,11, 1.000000000000
11,34, 0.025979267559
11,37, 0.118774900818
11,40,-0.002499362029
12,6, 0.275826042302
12,9, 0.740182379030
12,12, 1.000000000000
12,30, 0.056569804819
12,31, 0.143380649004
12,32, 0.253552802694
12,35, 0.022800730813
12,38, 0.104771075189
12,41,-0.002710299776
13,13, 1.000000000000
13,18, 0.735657068460
13,39, 0.191171818637
14,14, 1.000000000000
14,19, 0.735657068460
14,34, 0.268304118288
14,37, 0.589281173547
14,40, 0.006909328772
15,15, 1.000000000000
15,20, 0.735657068460
15,30, 0.323708701112
15,31, 0.348075129012
15,32, 0.125649117980
15,35, 0.154693122195
15,38, 0.420114686527
15,41, 0.004689458131
16,16, 1.000000000000
16,21, 0.735657068460
16,33, 0.268304118288
16,36, 0.589281173547
16,42, 0.006909328772
17,17, 1.000000000000
17,22, 0.735657068460
17,43, 0.191171818637
18,13, 0.735657068460
18,18, 1.000000000000
18,39, 0.076541291799
19,14, 0.735657068460
19,19, 1.000000000000
19,34, 0.101469167230
19,37, 0.328774743694
19,40, 0.042032232269
20,15, 0.735657068460
20,20, 1.000000000000
20,30, 0.125101671128
20,31, 0.210916932319
20,32, 0.152486261257
20,35, 0.090282841619
20,38, 0.303324535644
20,41, 0.035715411759
21,16, 0.735657068460
21,21, 1.000000000000
21,33, 0.101469167230
21,36, 0.328774743694
21,42, 0.042032232269
22,17, 0.735657068460
22,22, 1.000000000000
22,43, 0.076541291799
23,23, 1.000000000000
24,24, 1.000000000000
24,39, 0.237747898802
25,25, 1.000000000000
25,34, 0.218631073218
25,37, 0.373665946318
25,40, 0.158766280930
26,26, 1.000000000000
26,30, 0.184248498741
26,31, 0.147463169868
26,32, 0.030494152090
26,35, 0.180288499683
26,38, 0.342824332171
26,41, 0.149796924807
27,27, 1.000000000000
27,33, 0.218631073218
27,36, 0.373665946318
27,42, 0.158766280930
28,28, 1.000000000000
28,43, 0.237747898802
29,29, 1.000000000000
30,0, 0.137886604309
30,1,-0.189697902245
30,2, 0.245940141310
30,3, 0.142435852391
30,6, 0.442225982444
30,9, 0.166794072065
30,12, 0.056569804819
30,15, 0.323708701112
30,20, 0.125101671128
30,26, 0.184248498741
30,30, 1.000000000000
30,31, 0.706285044924
30,32, 0.373527845196
31,0, 0.319153532273
31,1,-0.402267170748
31,2, 0.573016430433
31,3, 0.369269466706
31,6, 0.627673292815
31,9, 0.360828452522
31,12, 0.143380649004
31,15, 0.348075129012
31,20, 0.210916932319
31,26, 0.147463169868
31,30, 0.706285044924
31,31, 1.000000000000
31,32, 0.788878094516
32,0, 0.283818543524
32,1,-0.367043755362
32,2, 0.861023831241
32,3, 0.698390082153
32,6, 0.400791251166
32,9, 0.445662041772
32,12, 0.253552802694
32,15, 0.125649117980
32,20, 0.152486261257
32,26, 0.030494152090
32,30, 0.373527845196
32,31, 0.788878094516
32,32, 1.000000000000
33,4, 0.209074367077
33,7, 0.077187426780
33,10, 0.025979267559
33,16, 0.268304118288
33,21, 0.101469167230
33,27, 0.218631073218
33,33, 1.000000000000
33,36, 0.614923564058
34,5, 0.209074367077
34,8, 0.077187426780
34,11, 0.025979267559
34,14, 0.268304118288
34,19, 0.101469167230
34,25, 0.218631073218
34,34, 1.000000000000
34,37, 0.614923564058
35,0,-0.217369513466
35,1, 0.254718216994
35,2,-0.048960161778
35,3,-0.010984512922
35,6,-0.065401643630
35,9, 0.052110826996
35,12, 0.022800730813
35,15, 0.154693122195
35,20, 0.090282841619
35,26, 0.180288499683
35,35, 1.000000000000
35,38, 0.614923564058
36,4, 0.580863533620
36,7, 0.308793943142
36,10, 0.118774900818
36,16, 0.589281173547
36,21, 0.328774743694
36,27, 0.373665946318
36,33, 0.614923564058
36,36, 1.000000000000
37,5, 0.580863533620
37,8, 0.308793943142
37,11, 0.118774900818
37,14, 0.589281173547
37,19, 0.328774743694
37,25, 0.373665946318
37,34, 0.614923564058
37,37, 1.000000000000
38,0,-0.480846785364
38,1, 0.552020962573
38,2,-0.183884500834
38,3,-0.048646860234
38,6, 0.095243998169
38,9, 0.217605505437
38,12, 0.104771075189
38,15, 0.420114686527
38,20, 0.303324535644
38,26, 0.342824332171
38,35, 0.614923564058
38,38, 1.000000000000
39,13, 0.191171818637
39,18, 0.076541291799
39,24, 0.237747898802
39,39, 1.000000000000
40,5,-0.187923440401
40,8,-0.019220405090
40,11,-0.002499362029
40,14, 0.006909328772
40,19, 0.042032232269
40,25, 0.158766280930
40,40, 1.000000000000
41,0, 0.332089147328
41,1,-0.326054606570
41,2, 0.009233297058
41,3, 0.000833321777
41,6,-0.041784503601
41,9,-0.018633610536
41,12,-0.002710299776
41,15, 0.004689458131
41,20, 0.035715411759
41,26, 0.149796924807
41,41, 1.000000000000
42,4,-0.187923440401
42,7,-0.019220405090
42,10,-0.002499362029
42,16, 0.006909328772
42,21, 0.042032232269
42,27, 0.158766280930
42,42, 1.000000000000
43,17, 0.191171818637
43,22, 0.076541291799
43,28, 0.237747898802
43,43, 1.000000000000
