0,0, 1.000000000000
0,1,-0.978006127515
0,2, 0.309365546793
0,3, 0.160526524698
0,30, 0.033612561219
0,31, 0.159953582243
0,32, 0.218609259303
0,35,-0.056367177874
0,38,-0.296505716091
0,41, 0.120339809950
1,0,-0.978006127515
1,1, 1.000000000000
1,2,-0.401295671468
1,3,-0.212880285889
1,30,-0.056246194345
1,31,-0.213032274480
1,32,-0.285092545710
1,35, 0.085724965842
1,38, 0.365505331129
1,41,-0.147201396131
2,0, 0.309365546793
2,1,-0.401295671468
2,2, 1.000000000000
2,3, 0.842282352238
2,30, 0.201312725455
2,31, 0.482165203852
2,32, 0.761599908755
2,35,-0.055658608170
2,38,-0.214051938477
2,41, 0.014647294323
3,0, 0.160526524698
3,1,-0.212880285889
3,2, 0.842282352238
3,3, 1.000000000000
3,30, 0.131707550932
3,31, 0.343031328971
3,32, 0.655882941326
3,35,-0.014123468426
3,38,-0.062790741860
3,41, 0.001490942127
4,4, 1.000000000000
4,7, 0.640958378469
4,10, 0.275826042302
4,33, 0.119781676087
4,36, 0.396303685633
4,42,-0.133495090545
5,5, 1.000000000000
5,8, 0.640958378469
5,11, 0.275826042302
5,34, 0.119781676087
5,37, 0.396303685633
5,40,-0.133495090545
6,6, 1.000000000000
6,9, 0.640958378469
6,12, 0.275826042302
6,30, 0.356603220268
6,31, 0.612476519966
6,32, 0.462491525956
6,35,-0.134913108859
6,38,-0.218817376648
6,41, 0.038190215788
7,4, 0.640958378469
7,7, 1.000000000000
7,10, 0.740182379030
7,33, 0.066318116983
7,36, 0.269001480287
7,42,-0.023011036750
8,5, 0.640958378469
8,8, 1.000000000000
8,11, 0.740182379030
8,34, 0.066318116983
8,37, 0.269001480287
8,40,-0.023011036750
9,6, 0.640958378469
9,9, 1.000000000000
9,12, 0.740182379030
9,30, 0.199471613033
9,31, 0.438588089732
9,32, 0.559582057253
9,35, 0.024642071080
9,38, 0.115342514005
9,41,-0.018326049937
10,4, 0.275826042302
10,7, 0.740182379030
10,10, 1.000000000000
10,33, 0.024535994562
10,36, 0.112409660242
10,42,-0.003283897029
11,5, 0.275826042302
11,8, 0.740182379030
11,11, 1.000000000000
11,34, 0.024535994562
11,37, 0.112409660242
11,40,-0.003283897029
12,6, 0.275826042302
12,9, 0.740182379030
12,12, 1.000000000000
12,30, 0.074315413273
12,31, 0.188826361912
12,32, 0.336000786104
12,35, 0.018729203015
12,38, 0.086773210103
12,41,-0.003345335681
13,13, 1.000000000000
13,18, 0.735657068460
13,39, 0.121861881836
14,14, 1.000000000000
14,19, 0.735657068460
14,34, 0.233736511026
14,37, 0.573249316484
14,40,-0.105340656690
15,15, 1.000000000000
15,20, 0.735657068460
15,30, 0.394667923231
15,31, 0.480892393129
15,32, 0.201459472445
15,35, 0.008503215337
15,38, 0.172067772616
15,41,-0.039874014594
16,16, 1.000000000000
16,21, 0.735657068460
16,33, 0.233736511026
16,36, 0.573249316484
16,42,-0.105340656690
17,17, 1.000000000000
17,22, 0.735657068460
17,43, 0.121861881836
18,13, 0.735657068460
18,18, 1.000000000000
18,39, 0.062004365283
19,14, 0.735657068460
19,19, 1.000000000000
19,34, 0.113892523565
19,37, 0.378964042070
19,40, 0.007929949304
20,15, 0.735657068460
20,20, 1.000000000000
20,30, 0.195591790185
20,31, 0.340139840361
20,32, 0.259703131710
20,35, 0.073142825049
20,38, 0.267443215066
20,41, 0.005624695604
21,16, 0.735657068460
21,21, 1.000000000000
21,33, 0.113892523565
21,36, 0.378964042070
21,42, 0.007929949304
22,17, 0.735657068460
22,22, 1.000000000000
22,43, 0.062004365283
23,23, 1.000000000000
24,24, 1.000000000000
24,39, 0.212730601730
25,25, 1.000000000000
25,34, 0.267543621537
25,37, 0.508515489097
25,40, 0.023375352507
26,26, 1.000000000000
26,30, 0.315308319971
26,31, 0.284821239811
26,32, 0.068110599523
26,35, 0.120602433281
26,38, 0.320545914317
26,41, 0.043688491024
27,27, 1.000000000000
27,33, 0.267543621537
27,36, 0.508515489097
27,42, 0.023375352507
28,28, 1.000000000000
28,43, 0.212730601730
29,29, 1.000000000000
30,0, 0.033612561219
30,1,-0.056246194345
30,2, 0.201312725455
30,3, 0.131707550932
30,6, 0.356603220268
30,9, 0.199471613033
30,12, 0.074315413273
30,15, 0.394667923231
30,20, 0.195591790185
30,26, 0.315308319971
30,30, 1.000000000000
30,31, 0.706285044924
30,32, 0.373527845196
31,0, 0.159953582243
31,1,-0.213032274480
31,2, 0.482165203852
31,3, 0.343031328971
31,6, 0.612476519966
31,9, 0.438588089732
31,12, 0.188826361912
31,15, 0.480892393129
31,20, 0.340139840361
31,26, 0.284821239811
31,30, 0.706285044924
31,31, 1.000000000000
31,32, 0.788878094516
32,0, 0.218609259303
32,1,-0.285092545710
32,2, 0.761599908755
32,3, 0.655882941326
32,6, 0.462491525956
32,9, 0.559582057253
32,12, 0.336000786104
32,15, 0.201459472445
32,20, 0.259703131710
32,26, 0.068110599523
32,30, 0.373527845196
32,31, 0.788878094516
32,32, 1.000000000000
33,4, 0.119781676087
33,7, 0.066318116983
33,10, 0.024535994562
33,16, 0.233736511026
33,21, 0.113892523565
33,27, 0.267543621537
33,33, 1.000000000000
33,36, 0.614923564058
34,5, 0.119781676087
34,8, 0.066318116983
34,11, 0.024535994562
34,14, 0.233736511026
34,19, 0.113892523565
34,25, 0.267543621537
34,34, 1.000000000000
34,37, 0.614923564058
35,0,-0.056367177874
35,1, 0.085724965842
35,2,-0.055658608170
35,3,-0.014123468426
35,6,-0.134913108859
35,9, 0.024642071080
35,12, 0.018729203015
35,15, 0.008503215337
35,20, 0.073142825049
35,26, 0.120602433281
35,35, 1.000000000000
35,38, 0.614923564058
36,4, 0.396303685633
36,7, 0.269001480287
36,10, 0.112409660242
36,16, 0.573249316484
36,21, 0.378964042070
36,27, 0.508515489097
36,33, 0.614923564058
36,36, 1.000000000000
37,5, 0.396303685633
37,8, 0.269001480287
37,11, 0.112409660242
37,14, 0.573249316484
37,19, 0.378964042070
37,25, 0.508515489097
37,34, 0.614923564058
37,37, 1.000000000000
38,0,-0.296505716091
38,1, 0.365505331129
38,2,-0.214051938477
38,3,-0.062790741860
38,6,-0.218817376648
38,9, 0.115342514005
38,12, 0.086773210103
38,15, 0.172067772616
38,20, 0.267443215066
38,26, 0.320545914317
38,35, 0.614923564058
38,38, 1.000000000000
39,13, 0.121861881836
39,18, 0.062004365283
39,24, 0.212730601730
39,39, 1.000000000000
40,5,-0.133495090545
40,8,-0.023011036750
40,11,-0.003283897029
40,14,-0.105340656690
40,19, 0.007929949304
40,25, 0.023375352507
40,40, 1.000000000000
41,0, 0.120339809950
41,1,-0.147201396131
41,2, 0.014647294323
41,3, 0.001490942127
41,6, 0.038190215788
41,9,-0.018326049937
41,12,-0.003345335681
41,15,-0.039874014594
41,20, 0.005624695604
41,26, 0.043688491024
41,41, 1.000000000000
42,4,-0.133495090545
42,7,-0.023011036750
42,10,-0.003283897029
42,16,-0.105340656690
42,21, 0.007929949304
42,27, 0.023375352507
42,42, 1.000000000000
43,17, 0.121861881836
43,22, 0.062004365283
43,28, 0.212730601730
43,43, 1.000000000000
