0,0, 1.000000000000
0,1,-0.978006127515
0,2, 0.309365546793
0,3, 0.160526524698
0,30, 0.082384727997
0,31, 0.251323517952
0,32, 0.259450700574
0,35,-0.134236352293
0,38,-0.416900153910
0,41, 0.239819919848
1,0,-0.978006127515
1,1, 1.000000000000
1,2,-0.401295671468
1,3,-0.212880285889
1,30,-0.122369469695
1,31,-0.322876358059
1,32,-0.336499271588
1,35, 0.173553786694
1,38, 0.490443399050
1,41,-0.253778124882
2,0, 0.309365546793
2,1,-0.401295671468
2,2, 1.000000000000
2,3, 0.842282352238
2,30, 0.229581668212
2,31, 0.540002439455
2,32, 0.825462451118
2,35,-0.052507232491
2,38,-0.198818467017
2,41, 0.011394900920
3,0, 0.160526524698
3,1,-0.212880285889
3,2, 0.842282352238
3,3, 1.000000000000
3,30, 0.138652862511
3,31, 0.360031164045
3,32, 0.683476216915
3,35,-0.012289600510
3,38,-0.054499103631
3,41, 0.001071831556
4,4, 1.000000000000
4,7, 0.640958378469
4,10, 0.275826042302
4,33, 0.170657493184
4,36, 0.508412055403
4,42,-0.168486465678
5,5, 1.000000000000
5,8, 0.640958378469
5,11, 0.275826042302
5,34, 0.170657493184
5,37, 0.508412055403
5,40,-0.168486465678
6,6, 1.000000000000
6,9, 0.640958378469
6,12, 0.275826042302
6,30, 0.416975921782
6,31, 0.637941793782
6,32, 0.432025142376
6,35,-0.104427288610
6,38,-0.044641682825
6,41,-0.003922536954
7,4, 0.640958378469
7,7, 1.000000000000
7,10, 0.740182379030
7,33, 0.073263640655
7,36, 0.294491863520
7,42,-0.020983008088
8,5, 0.640958378469
8,8, 1.000000000000
8,11, 0.740182379030
8,34, 0.073263640655
8,37, 0.294491863520
8,40,-0.020983008088
9,6, 0.640958378469
9,9, 1.000000000000
9,12, 0.740182379030
9,30, 0.182021658026
9,31, 0.395975841270
9,32, 0.494562461143
9,35, 0.041817157946
9,38, 0.179595628717
9,41,-0.019094080739
10,4, 0.275826042302
10,7, 0.740182379030
10,10, 1.000000000000
10,33, 0.025473810593
10,36, 0.116547193095
10,42,-0.002817197614
11,5, 0.275826042302
11,8, 0.740182379030
11,11, 1.000000000000
11,34, 0.025473810593
11,37, 0.116547193095
11,40,-0.002817197614
12,6, 0.275826042302
12,9, 0.740182379030
12,12, 1.000000000000
12,30, 0.063760260799
12,31, 0.161743361626
12,32, 0.286637094500
12,35, 0.021356100718
12,38, 0.098392649665
12,41,-0.002991347007
13,13, 1.000000000000
13,18, 0.735657068460
13,39, 0.163757613157
14,14, 1.000000000000
14,19, 0.735657068460
14,34, 0.262584728443
14,37, 0.599015137479
14,40,-0.044775995187
15,15, 1.000000000000
15,20, 0.735657068460
15,30, 0.364919089201
15,31, 0.409631087548
15,32, 0.155633807877
15,35, 0.102637074618
15,38, 0.342061215421
15,41,-0.025769652696
16,16, 1.000000000000
16,21, 0.735657068460
16,33, 0.262584728443
16,36, 0.599015137479
16,42,-0.044775995187
17,17, 1.000000000000
17,22, 0.735657068460
17,43, 0.163757613157
18,13, 0.735657068460
18,18, 1.000000000000
18,39, 0.071195372167
19,14, 0.735657068460
19,19, 1.000000000000
19,34, 0.108345281039
19,37, 0.354275149280
19,40, 0.028787098339
20,15, 0.735657068460
20,20, 1.000000000000
20,30, 0.153619470661
20,31, 0.261770945834
20,32, 0.192835829059
20,35, 0.087181335964
20,38, 0.300440231459
20,41, 0.023071318825
21,16, 0.735657068460
21,21, 1.000000000000
21,33, 0.108345281039
21,36, 0.354275149280
21,42, 0.028787098339
22,17, 0.735657068460
22,22, 1.000000000000
22,43, 0.071195372167
23,23, 1.000000000000
24,24, 1.000000000000
24,39, 0.234828685570
25,25, 1.000000000000
25,34, 0.246785056652
25,37, 0.437472152636
25,40, 0.111781027163
26,26, 1.000000000000
26,30, 0.239495735678
26,31, 0.199828257357
26,32, 0.043439391325
26,35, 0.171790582921
26,38, 0.358188830289
26,41, 0.107530096270
27,27, 1.000000000000
27,33, 0.246785056652
27,36, 0.437472152636
27,42, 0.111781027163
28,28, 1.000000000000
28,43, 0.234828685570
29,29, 1.000000000000
30,0, 0.082384727997
30,1,-0.122369469695
30,2, 0.229581668212
30,3, 0.138652862511
30,6, 0.416975921782
30,9, 0.182021658026
30,12, 0.063760260799
30,15, 0.364919089201
30,20, 0.153619470661
30,26, 0.239495735678
30,30, 1.000000000000
30,31, 0.706285044924
30,32, 0.373527845196
31,0, 0.251323517952
31,1,-0.322876358059
31,2, 0.540002439455
31,3, 0.360031164045
31,6, 0.637941793782
31,9, 0.395975841270
31,12, 0.161743361626
31,15, 0.409631087548
31,20, 0.261770945834
31,26, 0.199828257357
31,30, 0.706285044924
31,31, 1.000000000000
31,32, 0.788878094516
32,0, 0.259450700574
32,1,-0.336499271588
32,2, 0.825462451118
32,3, 0.683476216915
32,6, 0.432025142376
32,9, 0.494562461143
32,12, 0.286637094500
32,15, 0.155633807877
32,20, 0.192835829059
32,26, 0.043439391325
32,30, 0.373527845196
32,31, 0.788878094516
32,32, 1.000000000000
33,4, 0.170657493184
33,7, 0.073263640655
33,10, 0.025473810593
33,16, 0.262584728443
33,21, 0.108345281039
33,27, 0.246785056652
33,33, 1.000000000000
33,36, 0.614923564058
34,5, 0.170657493184
34,8, 0.073263640655
34,11, 0.025473810593
34,14, 0.262584728443
34,19, 0.108345281039
34,25, 0.246785056652
34,34, 1.000000000000
34,37, 0.614923564058
35,0,-0.134236352293
35,1, 0.173553786694
35,2,-0.052507232491
35,3,-0.012289600510
35,6,-0.104427288610
35,9, 0.041817157946
35,12, 0.021356100718
35,15, 0.102637074618
35,20, 0.087181335964
35,26, 0.171790582921
35,35, 1.000000000000
35,38, 0.614923564058
36,4, 0.508412055403
36,7, 0.294491863520
36,10, 0.116547193095
36,16, 0.599015137479
36,21, 0.354275149280
36,27, 0.437472152636
36,33, 0.614923564058
36,36, 1.000000000000
37,5, 0.508412055403
37,8, 0.294491863520
37,11, 0.116547193095
37,14, 0.599015137479
37,19, 0.354275149280
37,25, 0.437472152636
37,34, 0.614923564058
37,37, 1.000000000000
38,0,-0.416900153910
38,1, 0.490443399050
38,2,-0.198818467017
38,3,-0.054499103631
38,6,-0.044641682825
38,9, 0.179595628717
38,12, 0.098392649665
38,15, 0.342061215421
38,20, 0.300440231459
38,26, 0.358188830289
38,35, 0.614923564058
38,38, 1.000000000000
39,13, 0.163757613157
39,18, 0.071195372167
39,24, 0.234828685570
39,39, 1.000000000000
40,5,-0.168486465678
40,8,-0.020983008088
40,11,-0.002817197614
40,14,-0.044775995187
40,19, 0.028787098339
40,25, 0.111781027163
40,40, 1.000000000000
41,0, 0.239819919848
41,1,-0.253778124882
41,2, 0.011394900920
41,3, 0.001071831556
41,6,-0.003922536954
41,9,-0.019094080739
41,12,-0.002991347007
41,15,-0.025769652696
41,20, 0.023071318825
41,26, 0.107530096270
41,41, 1.000000000000
42,4,-0.168486465678
42,7,-0.020983008088
42,10,-0.002817197614
42,16,-0.044775995187
42,21, 0.028787098339
42,27, 0.111781027163
42,42, 1.000000000000
43,17, 0.163757613157
43,22, 0.071195372167
43,28, 0.234828685570
43,43, 1.000000000000
