0,0, 1.000000000000
0,1,-0.978006127515
0,2, 0.309365546793
0,3, 0.160526524698
0,30, 0.005432313225
0,31, 0.056269799320
0,32, 0.145959728948
0,35,-0.009635802473
0,38,-0.115944764159
0,41, 0.024489715930
1,0,-0.978006127515
1,1, 1.000000000000
1,2,-0.401295671468
1,3,-0.212880285889
1,30,-0.010690059807
1,31,-0.081317688665
1,32,-0.192829579110
1,35, 0.018475142763
1,38, 0.159230457105
1,41,-0.039961492959
2,0, 0.309365546793
2,1,-0.401295671468
2,2, 1.000000000000
2,3, 0.842282352238
2,30, 0.147612727427
2,31, 0.368992937870
2,32, 0.629723103753
2,35,-0.053846240999
2,38,-0.214822355052
2,41, 0.018834507335
3,0, 0.160526524698
3,1,-0.212880285889
3,2, 0.842282352238
3,3, 1.000000000000
3,30, 0.116656758416
3,31, 0.306006501298
3,32, 0.595066064567
3,35,-0.016535788126
3,38,-0.073957616022
3,41, 0.002310053237
4,4, 1.000000000000
4,7, 0.640958378469
4,10, 0.275826042302
4,33, 0.057154258364
4,36, 0.224795611923
4,42,-0.077102876179
5,5, 1.000000000000
5,8, 0.640958378469
5,11, 0.275826042302
5,34, 0.057154258364
5,37, 0.224795611923
5,40,-0.077102876179
6,6, 1.000000000000
6,9, 0.640958378469
6,12, 0.275826042302
6,30, 0.227330814185
6,31, 0.476038341196
6,32, 0.458251106224
6,35,-0.130333672809
6,38,-0.358248400086
6,41, 0.066864153205
7,4, 0.640958378469
7,7, 1.000000000000
7,10, 0.740182379030
7,33, 0.052419048827
7,36, 0.217225015516
7,42,-0.024121338513
8,5, 0.640958378469
8,8, 1.000000000000
8,11, 0.740182379030
8,34, 0.052419048827
8,37, 0.217225015516
8,40,-0.024121338513
9,6, 0.640958378469
9,9, 1.000000000000
9,12, 0.740182379030
9,30, 0.208744466285
9,31, 0.470676336816
9,32, 0.631513074133
9,35,-0.005179651244
9,38, 0.000263703278
9,41,-0.012741167211
10,4, 0.275826042302
10,7, 0.740182379030
10,10, 1.000000000000
10,33, 0.022456226347
10,36, 0.103213098438
10,42,-0.003975935280
11,5, 0.275826042302
11,8, 0.740182379030
11,11, 1.000000000000
11,34, 0.022456226347
11,37, 0.103213098438
11,40,-0.003975935280
12,6, 0.275826042302
12,9, 0.740182379030
12,12, 1.000000000000
12,30, 0.089955186074
12,31, 0.229445844555
12,32, 0.412231858907
12,35, 0.013163597939
12,38, 0.062054716425
12,41,-0.003645604589
13,13, 1.000000000000
13,18, 0.735657068460
13,39, 0.060649606779
14,14, 1.000000000000
14,19, 0.735657068460
14,34, 0.149701850536
14,37, 0.435617450166
14,40,-0.137066710784
15,15, 1.000000000000
15,20, 0.735657068460
15,30, 0.337667544428
15,31, 0.499145337883
15,32, 0.263363570420
15,35,-0.119866266882
15,38,-0.147879971034
15,41, 0.011878059875
16,16, 1.000000000000
16,21, 0.735657068460
16,33, 0.149701850536
16,36, 0.435617450166
16,42,-0.137066710784
17,17, 1.000000000000
17,22, 0.735657068460
17,43, 0.060649606779
18,13, 0.735657068460
18,18, 1.000000000000
18,39, 0.044737523325
19,14, 0.735657068460
19,19, 1.000000000000
19,34, 0.108031725139
19,37, 0.374571244181
19,40,-0.023482322565
20,15, 0.735657068460
20,20, 1.000000000000
20,30, 0.245907989761
20,31, 0.448670164999
20,32, 0.372798195402
20,35, 0.027937221101
20,38, 0.138462081968
20,41,-0.011546328591
21,16, 0.735657068460
21,21, 1.000000000000
21,33, 0.108031725139
21,36, 0.374571244181
21,42,-0.023482322565
22,17, 0.735657068460
22,22, 1.000000000000
22,43, 0.044737523325
23,23, 1.000000000000
24,24, 1.000000000000
24,39, 0.142013002025
25,25, 1.000000000000
25,34, 0.230101884638
25,37, 0.515616279256
25,40,-0.107173408392
26,26, 1.000000000000
26,30, 0.361832236895
26,31, 0.394066322993
26,32, 0.118034215347
26,35,-0.029579514608
26,38, 0.095619890226
26,41, 0.000790551070
27,27, 1.000000000000
27,33, 0.230101884638
27,36, 0.515616279256
27,42,-0.107173408392
28,28, 1.000000000000
28,43, 0.142013002025
29,29, 1.000000000000
30,0, 0.005432313225
30,1,-0.010690059807
30,2, 0.147612727427
30,3, 0.116656758416
30,6, 0.227330814185
30,9, 0.208744466285
30,12, 0.089955186074
30,15, 0.337667544428
30,20, 0.245907989761
30,26, 0.361832236895
30,30, 1.000000000000
30,31, 0.706285044924
30,32, 0.373527845196
31,0, 0.056269799320
31,1,-0.081317688665
31,2, 0.368992937870
31,3, 0.306006501298
31,6, 0.476038341196
31,9, 0.470676336816
31,12, 0.229445844555
31,15, 0.499145337883
31,20, 0.448670164999
31,26, 0.394066322993
31,30, 0.706285044924
31,31, 1.000000000000
31,32, 0.788878094516
32,0, 0.145959728948
32,1,-0.192829579110
32,2, 0.629723103753
32,3, 0.595066064567
32,6, 0.458251106224
32,9, 0.631513074133
32,12, 0.412231858907
32,15, 0.263363570420
32,20, 0.372798195402
32,26, 0.118034215347
32,30, 0.373527845196
32,31, 0.788878094516
32,32, 1.000000000000
33,4, 0.057154258364
33,7, 0.052419048827
33,10, 0.022456226347
33,16, 0.149701850536
33,21, 0.108031725139
33,27, 0.230101884638
33,33, 1.000000000000
33,36, 0.614923564058
34,5, 0.057154258364
34,8, 0.052419048827
34,11, 0.022456226347
34,14, 0.149701850536
34,19, 0.108031725139
34,25, 0.230101884638
34,34, 1.000000000000
34,37, 0.614923564058
35,0,-0.009635802473
35,1, 0.018475142763
35,2,-0.053846240999
35,3,-0.016535788126
35,6,-0.130333672809
35,9,-0.005179651244
35,12, 0.013163597939
35,15,-0.119866266882
35,20, 0.027937221101
35,26,-0.029579514608
35,35, 1.000000000000
35,38, 0.614923564058
36,4, 0.224795611923
36,7, 0.217225015516
36,10, 0.103213098438
36,16, 0.435617450166
36,21, 0.374571244181
36,27, 0.515616279256
36,33, 0.614923564058
36,36, 1.000000000000
37,5, 0.224795611923
37,8, 0.217225015516
37,11, 0.103213098438
37,14, 0.435617450166
37,19, 0.374571244181
37,25, 0.515616279256
37,34, 0.614923564058
37,37, 1.000000000000
38,0,-0.115944764159
38,1, 0.159230457105
38,2,-0.214822355052
38,3,-0.073957616022
38,6,-0.358248400086
38,9, 0.000263703278
38,12, 0.062054716425
38,15,-0.147879971034
38,20, 0.138462081968
38,26, 0.095619890226
38,35, 0.614923564058
38,38, 1.000000000000
39,13, 0.060649606779
39,18, 0.044737523325
39,24, 0.142013002025
39,39, 1.000000000000
40,5,-0.077102876179
40,8,-0.024121338513
40,11,-0.003975935280
40,14,-0.137066710784
40,19,-0.023482322565
40,25,-0.107173408392
40,40, 1.000000000000
41,0, 0.024489715930
41,1,-0.039961492959
41,2, 0.018834507335
41,3, 0.002310053237
41,6, 0.066864153205
41,9,-0.012741167211
41,12,-0.003645604589
41,15, 0.011878059875
41,20,-0.011546328591
41,26, 0.000790551070
41,41, 1.000000000000
42,4,-0.077102876179
42,7,-0.024121338513
42,10,-0.003975935280
42,16,-0.137066710784
42,21,-0.023482322565
42,27,-0.107173408392
42,42, 1.000000000000
43,17, 0.060649606779
43,22, 0.044737523325
43,28, 0.142013002025
43,43, 1.000000000000
