0,0, 1.000000000000
0,1,-0.978006127515
0,2, 0.309365546793
0,3, 0.160526524698
0,30, 0.024579916774
0,31, 0.135183860374
0,32, 0.204996131848
0,35,-0.041543766632
0,38,-0.257519078162
0,41, 0.092513313227
1,0,-0.978006127515
1,1, 1.000000000000
1,2,-0.401295671468
1,3,-0.212880285889
1,30,-0.042635877706
1,31,-0.182462949005
1,32,-0.267891476786
1,35, 0.066471417915
1,38, 0.323051066943
1,41,-0.119284001150
2,0, 0.309365546793
2,1,-0.401295671468
2,2, 1.000000000000
2,3, 0.842282352238
2,30, 0.191619426880
2,31, 0.462080979004
2,32, 0.738912798498
2,35,-0.056023775827
2,38,-0.216717497863
2,41, 0.015609111374
3,0, 0.160526524698
3,1,-0.212880285889
3,2, 0.842282352238
3,3, 1.000000000000
3,30, 0.129189954640
3,31, 0.336856194980
3,32, 0.645810067735
3,35,-0.014654133329
3,38,-0.065212148603
3,41, 0.001636660958
4,4, 1.000000000000
4,7, 0.640958378469
4,10, 0.275826042302
4,33, 0.105741629555
4,36, 0.361473947025
4,42,-0.122131530521
5,5, 1.000000000000
5,8, 0.640958378469
5,11, 0.275826042302
5,34, 0.105741629555
5,37, 0.361473947025
5,40,-0.122131530521
6,6, 1.000000000000
6,9, 0.640958378469
6,12, 0.275826042302
6,30, 0.333699041713
6,31, 0.594630194193
6,32, 0.467271850129
6,35,-0.138551959997
6,38,-0.261009855262
6,41, 0.047230393151
7,4, 0.640958378469
7,7, 1.000000000000
7,10, 0.740182379030
7,33, 0.063883191428
7,36, 0.260008738662
7,42,-0.023459447221
8,5, 0.640958378469
8,8, 1.000000000000
8,11, 0.740182379030
8,34, 0.063883191428
8,37, 0.260008738662
8,40,-0.023459447221
9,6, 0.640958378469
9,9, 1.000000000000
9,12, 0.740182379030
9,30, 0.203304137417
9,31, 0.448808171204
9,32, 0.577222656851
9,35, 0.018957980582
9,38, 0.093805156263
9,41,-0.017682500218
10,4, 0.275826042302
10,7, 0.740182379030
10,10, 1.000000000000
10,33, 0.024192770719
10,36, 0.110893971499
10,42,-0.003425508330
11,5, 0.275826042302
11,8, 0.740182379030
11,11, 1.000000000000
11,34, 0.024192770719
11,37, 0.110893971499
11,40,-0.003425508330
12,6, 0.275826042302
12,9, 0.740182379030
12,12, 1.000000000000
12,30, 0.077517203099
12,31, 0.197082234049
12,32, 0.351229146971
12,35, 0.017785584045
12,38, 0.082592345378
12,41,-0.003434138508
13,13, 1.000000000000
13,18, 0.735657068460
13,39, 0.109061178488
14,14, 1.000000000000
14,19, 0.735657068460
14,34, 0.220332032289
14,37, 0.555271856756
14,40,-0.118482452490
15,15, 1.000000000000
15,20, 0.735657068460
15,30, 0.394178887936
15,31, 0.495306984152
15,32, 0.215252902520
15,35,-0.021318398850
15,38, 0.110182621847
15,41,-0.036082439884
16,16, 1.000000000000
16,21, 0.735657068460
16,33, 0.220332032289
16,36, 0.555271856756
16,42,-0.118482452490
17,17, 1.000000000000
17,22, 0.735657068460
17,43, 0.109061178488
18,13, 0.735657068460
18,18, 1.000000000000
18,39, 0.058867724792
19,14, 0.735657068460
19,19, 1.000000000000
19,34, 0.114280649047
19,37, 0.382753619460
19,40, 0.001416932673
20,15, 0.735657068460
20,20, 1.000000000000
20,30, 0.207690232359
20,31, 0.363948035257
20,32, 0.281643921797
20,35, 0.066419625153
20,38, 0.249659203305
20,41, 0.000955990197
21,16, 0.735657068460
21,21, 1.000000000000
21,33, 0.114280649047
21,36, 0.382753619460
21,42, 0.001416932673
22,17, 0.735657068460
22,22, 1.000000000000
22,43, 0.058867724792
23,23, 1.000000000000
24,24, 1.000000000000
24,39, 0.201856858955
25,25, 1.000000000000
25,34, 0.267444928309
25,37, 0.521813532469
25,40,-0.005575866309
26,26, 1.000000000000
26,30, 0.333890767454
26,31, 0.310725942588
26,32, 0.077014780551
26,35, 0.095915481905
26,38, 0.292004101675
26,41, 0.027519955708
27,27, 1.000000000000
27,33, 0.267444928309
27,36, 0.521813532469
27,42,-0.005575866309
28,28, 1.000000000000
28,43, 0.201856858955
29,29, 1.000000000000
30,0, 0.024579916774
30,1,-0.042635877706
30,2, 0.191619426880
30,3, 0.129189954640
30,6, 0.333699041713
30,9, 0.203304137417
30,12, 0.077517203099
30,15, 0.394178887936
30,20, 0.207690232359
30,26, 0.333890767454
30,30, 1.000000000000
30,31, 0.706285044924
30,32, 0.373527845196
31,0, 0.135183860374
31,1,-0.182462949005
31,2, 0.462080979004
31,3, 0.336856194980
31,6, 0.594630194193
31,9, 0.448808171204
31,12, 0.197082234049
31,15, 0.495306984152
31,20, 0.363948035257
31,26, 0.310725942588
31,30, 0.706285044924
31,31, 1.000000000000
31,32, 0.788878094516
32,0, 0.204996131848
32,1,-0.267891476786
32,2, 0.738912798498
32,3, 0.645810067735
32,6, 0.467271850129
32,9, 0.577222656851
32,12, 0.351229146971
32,15, 0.215252902520
32,20, 0.281643921797
32,26, 0.077014780551
32,30, 0.373527845196
32,31, 0.788878094516
32,32, 1.000000000000
33,4, 0.105741629555
33,7, 0.063883191428
33,10, 0.024192770719
33,16, 0.220332032289
33,21, 0.114280649047
33,27, 0.267444928309
33,33, 1.000000000000
33,36, 0.614923564058
34,5, 0.105741629555
34,8, 0.063883191428
34,11, 0.024192770719
34,14, 0.220332032289
34,19, 0.114280649047
34,25, 0.267444928309
34,34, 1.000000000000
34,37, 0.614923564058
35,0,-0.041543766632
35,1, 0.066471417915
35,2,-0.056023775827
35,3,-0.014654133329
35,6,-0.138551959997
35,9, 0.018957980582
35,12, 0.017785584045
35,15,-0.021318398850
35,20, 0.066419625153
35,26, 0.095915481905
35,35, 1.000000000000
35,38, 0.614923564058
36,4, 0.361473947025
36,7, 0.260008738662
36,10, 0.110893971499
36,16, 0.555271856756
36,21, 0.382753619460
36,27, 0.521813532469
36,33, 0.614923564058
36,36, 1.000000000000
37,5, 0.361473947025
37,8, 0.260008738662
37,11, 0.110893971499
37,14, 0.555271856756
37,19, 0.382753619460
37,25, 0.521813532469
37,34, 0.614923564058
37,37, 1.000000000000
38,0,-0.257519078162
38,1, 0.323051066943
38,2,-0.216717497863
38,3,-0.065212148603
38,6,-0.261009855262
38,9, 0.093805156263
38,12, 0.082592345378
38,15, 0.110182621847
38,20, 0.249659203305
38,26, 0.292004101675
38,35, 0.614923564058
38,38, 1.000000000000
39,13, 0.109061178488
39,18, 0.058867724792
39,24, 0.201856858955
39,39, 1.000000000000
40,5,-0.122131530521
40,8,-0.023459447221
40,11,-0.003425508330
40,14,-0.118482452490
40,19, 0.001416932673
40,25,-0.005575866309
40,40, 1.000000000000
41,0, 0.092513313227
41,1,-0.119284001150
41,2, 0.015609111374
41,3, 0.001636660958
41,6, 0.047230393151
41,9,-0.017682500218
41,12,-0.003434138508
41,15,-0.036082439884
41,20, 0.000955990197
41,26, 0.027519955708
41,41, 1.000000000000
42,4,-0.122131530521
42,7,-0.023459447221
42,10,-0.003425508330
42,16,-0.118482452490
42,21, 0.001416932673
42,27,-0.005575866309
42,42, 1.000000000000
43,17, 0.109061178488
43,22, 0.058867724792
43,28, 0.201856858955
43,43, 1.000000000000
