0,0, 1.000000000000
0,1,-0.978006127515
0,2, 0.309365546793
0,3, 0.160526524698
0,30, 0.001965805902
0,31, 0.029884675925
0,32, 0.113639548943
0,35,-0.003637962737
0,38,-0.062840111442
0,41, 0.009977961251
1,0,-0.978006127515
1,1, 1.000000000000
1,2,-0.401295671468
1,3,-0.212880285889
1,30,-0.004051630184
1,31,-0.045275669998
1,32,-0.151337375336
1,35, 0.007435818458
1,38, 0.091906321367
1,41,-0.018284093502
2,0, 0.309365546793
2,1,-0.401295671468
2,2, 1.000000000000
2,3, 0.842282352238
2,30, 0.121763541043
2,31, 0.312557808460
2,32, 0.559642758128
2,35,-0.049899894185
2,38,-0.203663259618
2,41, 0.019698829876
3,0, 0.160526524698
3,1,-0.212880285889
3,2, 0.842282352238
3,3, 1.000000000000
3,30, 0.108195560178
3,31, 0.285070435416
3,32, 0.560199051176
3,35,-0.017249782174
3,38,-0.077438553993
3,41, 0.002712352255
4,4, 1.000000000000
4,7, 0.640958378469
4,10, 0.275826042302
4,33, 0.037241497868
4,36, 0.159841927373
4,42,-0.055464268365
5,5, 1.000000000000
5,8, 0.640958378469
5,11, 0.275826042302
5,34, 0.037241497868
5,37, 0.159841927373
5,40,-0.055464268365
6,6, 1.000000000000
6,9, 0.640958378469
6,12, 0.275826042302
6,30, 0.167498319558
6,31, 0.388214411035
6,32, 0.431184267887
6,35,-0.112749261015
6,38,-0.354829197890
6,41, 0.067960756196
7,4, 0.640958378469
7,7, 1.000000000000
7,10, 0.740182379030
7,33, 0.045301223121
7,36, 0.190239248698
7,42,-0.023494435468
8,5, 0.640958378469
8,8, 1.000000000000
8,11, 0.740182379030
8,34, 0.045301223121
8,37, 0.190239248698
8,40,-0.023494435468
9,6, 0.640958378469
9,9, 1.000000000000
9,12, 0.740182379030
9,30, 0.203107485075
9,31, 0.465173766270
9,32, 0.643924404727
9,35,-0.017698482307
9,38,-0.050240012521
9,41,-0.008500293493
10,4, 0.275826042302
10,7, 0.740182379030
10,10, 1.000000000000
10,33, 0.021255350994
10,36, 0.097888982539
10,42,-0.004234833067
11,5, 0.275826042302
11,8, 0.740182379030
11,11, 1.000000000000
11,34, 0.021255350994
11,37, 0.097888982539
11,40,-0.004234833067
12,6, 0.275826042302
12,9, 0.740182379030
12,12, 1.000000000000
12,30, 0.095798704701
12,31, 0.244934518477
12,32, 0.442697741379
12,35, 0.010123301727
12,38, 0.048484957012
12,41,-0.003615515685
13,13, 1.000000000000
13,18, 0.735657068460
13,39, 0.039336288678
14,14, 1.000000000000
14,19, 0.735657068460
14,34, 0.107405594515
14,37, 0.347523053404
14,40,-0.122961630242
15,15, 1.000000000000
15,20, 0.735657068460
15,30, 0.274354861489
15,31, 0.457084167628
15,32, 0.278286108392
15,35,-0.141786471924
15,38,-0.255902669284
15,41, 0.046147838952
16,16, 1.000000000000
16,21, 0.735657068460
16,33, 0.107405594515
16,36, 0.347523053404
16,42,-0.122961630242
17,17, 1.000000000000
17,22, 0.735657068460
17,43, 0.039336288678
18,13, 0.735657068460
18,18, 1.000000000000
18,39, 0.036535632377
19,14, 0.735657068460
19,19, 1.000000000000
19,34, 0.098896243907
19,37, 0.351769004602
19,40,-0.033975951435
20,15, 0.735657068460
20,20, 1.000000000000
20,30, 0.253628751549
20,31, 0.476742630333
20,32, 0.417464410334
20,35, 0.002034872943
20,38, 0.056679521528
20,41,-0.012118767171
21,16, 0.735657068460
21,21, 1.000000000000
21,33, 0.098896243907
21,36, 0.351769004602
21,42,-0.033975951435
22,17, 0.735657068460
22,22, 1.000000000000
22,43, 0.036535632377
23,23, 1.000000000000
24,24, 1.000000000000
24,39, 0.104543060716
25,25, 1.000000000000
25,34, 0.187509708457
25,37, 0.465364893114
25,40,-0.134978189104
26,26, 1.000000000000
26,30, 0.333670658970
26,31, 0.407992637119
26,32, 0.140531270652
26,35,-0.091508205822
26,38,-0.042169281756
26,41, 0.016903023845
27,27, 1.000000000000
27,33, 0.187509708457
27,36, 0.465364893114
27,42,-0.134978189104
28,28, 1.000000000000
28,43, 0.104543060716
29,29, 1.000000000000
30,0, 0.001965805902
30,1,-0.004051630184
30,2, 0.121763541043
30,3, 0.108195560178
30,6, 0.167498319558
30,9, 0.203107485075
30,12, 0.095798704701
30,15, 0.274354861489
30,20, 0.253628751549
30,26, 0.333670658970
30,30, 1.000000000000
30,31, 0.706285044924
30,32, 0.373527845196
31,0, 0.029884675925
31,1,-0.045275669998
31,2, 0.312557808460
31,3, 0.285070435416
31,6, 0.388214411035
31,9, 0.465173766270
31,12, 0.244934518477
31,15, 0.457084167628
31,20, 0.476742630333
31,26, 0.407992637119
31,30, 0.706285044924
31,31, 1.000000000000
31,32, 0.788878094516
32,0, 0.113639548943
32,1,-0.151337375336
32,2, 0.559642758128
32,3, 0.560199051176
32,6, 0.431184267887
32,9, 0.643924404727
32,12, 0.442697741379
32,15, 0.278286108392
32,20, 0.417464410334
32,26, 0.140531270652
32,30, 0.373527845196
32,31, 0.788878094516
32,32, 1.000000000000
33,4, 0.037241497868
33,7, 0.045301223121
33,10, 0.021255350994
33,16, 0.107405594515
33,21, 0.098896243907
33,27, 0.187509708457
33,33, 1.000000000000
33,36, 0.614923564058
34,5, 0.037241497868
34,8, 0.045301223121
34,11, 0.021255350994
34,14, 0.107405594515
34,19, 0.098896243907
34,25, 0.187509708457
34,34, 1.000000000000
34,37, 0.614923564058
35,0,-0.003637962737
35,1, 0.007435818458
35,2,-0.049899894185
35,3,-0.017249782174
35,6,-0.112749261015
35,9,-0.017698482307
35,12, 0.010123301727
35,15,-0.141786471924
35,20, 0.002034872943
35,26,-0.091508205822
35,35, 1.000000000000
35,38, 0.614923564058
36,4, 0.159841927373
36,7, 0.190239248698
36,10, 0.097888982539
36,16, 0.347523053404
36,21, 0.351769004602
36,27, 0.465364893114
36,33, 0.614923564058
36,36, 1.000000000000
37,5, 0.159841927373
37,8, 0.190239248698
37,11, 0.097888982539
37,14, 0.347523053404
37,19, 0.351769004602
37,25, 0.465364893114
37,34, 0.614923564058
37,37, 1.000000000000
38,0,-0.062840111442
38,1, 0.091906321367
38,2,-0.203663259618
38,3,-0.077438553993
38,6,-0.354829197890
38,9,-0.050240012521
38,12, 0.048484957012
38,15,-0.255902669284
38,20, 0.056679521528
38,26,-0.042169281756
38,35, 0.614923564058
38,38, 1.000000000000
39,13, 0.039336288678
39,18, 0.036535632377
39,24, 0.104543060716
39,39, 1.000000000000
40,5,-0.055464268365
40,8,-0.023494435468
40,11,-0.004234833067
40,14,-0.122961630242
40,19,-0.033975951435
40,25,-0.134978189104
40,40, 1.000000000000
41,0, 0.009977961251
41,1,-0.018284093502
41,2, 0.019698829876
41,3, 0.002712352255
41,6, 0.067960756196
41,9,-0.008500293493
41,12,-0.003615515685
41,15, 0.046147838952
41,20,-0.012118767171
41,26, 0.016903023845
41,41, 1.000000000000
42,4,-0.055464268365
42,7,-0.023494435468
42,10,-0.004234833067
42,16,-0.122961630242
42,21,-0.033975951435
42,27,-0.134978189104
42,42, 1.000000000000
43,17, 0.039336288678
43,22, 0.036535632377
43,28, 0.104543060716
43,43, 1.000000000000
