0,0, 1.000000000000
0,1,-0.978006127515
0,2, 0.309365546793
0,3, 0.160526524698
0,30, 0.000246382580
0,31, 0.007911376975
0,32, 0.066239350696
0,35,-0.000491381075
0,38,-0.016663414594
0,41, 0.001663866868
1,0,-0.978006127515
1,1, 1.000000000000
1,2,-0.401295671468
1,3,-0.212880285889
1,30,-0.000528100030
1,31,-0.013119168853
1,32,-0.089742791481
1,35, 0.001054161106
1,38, 0.027439933990
1,41,-0.003440573935
2,0, 0.309365546793
2,1,-0.401295671468
2,2, 1.000000000000
2,3, 0.842282352238
2,30, 0.080338535927
2,31, 0.218378720659
2,32, 0.433738204050
2,35,-0.039571687147
2,38,-0.169652119596
2,41, 0.018963300499
3,0, 0.160526524698
3,1,-0.212880285889
3,2, 0.842282352238
3,3, 1.000000000000
3,30, 0.091954254613
3,31, 0.244605460688
3,32, 0.491696630291
3,35,-0.017665722337
3,38,-0.079945677204
3,41, 0.003352284901
4,4, 1.000000000000
4,7, 0.640958378469
4,10, 0.275826042302
4,33, 0.015131663381
4,36, 0.077848716615
4,42,-0.027225782636
5,5, 1.000000000000
5,8, 0.640958378469
5,11, 0.275826042302
5,34, 0.015131663381
5,37, 0.077848716615
5,40,-0.027225782636
6,6, 1.000000000000
6,9, 0.640958378469
6,12, 0.275826042302
6,30, 0.083012936614
6,31, 0.236831163056
6,32, 0.353717990107
6,35,-0.071558288454
6,38,-0.277096137070
6,41, 0.056855042642
7,4, 0.640958378469
7,7, 1.000000000000
7,10, 0.740182379030
7,33, 0.033052287209
7,36, 0.142841586856
7,42,-0.020746793726
8,5, 0.640958378469
8,8, 1.000000000000
8,11, 0.740182379030
8,34, 0.033052287209
8,37, 0.142841586856
8,40,-0.020746793726
9,6, 0.640958378469
9,9, 1.000000000000
9,12, 0.740182379030
9,30, 0.178952212041
9,31, 0.423909624165
9,32, 0.627745878950
9,35,-0.033752035640
9,38,-0.119584274045
9,41,-0.000048292325
10,4, 0.275826042302
10,7, 0.740182379030
10,10, 1.000000000000
10,33, 0.018875950040
10,36, 0.087306839949
10,42,-0.004536365917
11,5, 0.275826042302
11,8, 0.740182379030
11,11, 1.000000000000
11,34, 0.018875950040
11,37, 0.087306839949
11,40,-0.004536365917
12,6, 0.275826042302
12,9, 0.740182379030
12,12, 1.000000000000
12,30, 0.102587437397
12,31, 0.263647214348
12,32, 0.482712055690
12,35, 0.004508155284
12,38, 0.023266850781
12,41,-0.003254021696
13,13, 1.000000000000
13,18, 0.735657068460
13,39, 0.015438708921
14,14, 1.000000000000
14,19, 0.735657068460
14,34, 0.049003080459
14,37, 0.199396111744
14,40,-0.077138696549
15,15, 1.000000000000
15,20, 0.735657068460
15,30, 0.153181981939
15,31, 0.330211699617
15,32, 0.273890486826
15,35,-0.119669964621
15,38,-0.317777907559
15,41, 0.077047348069
16,16, 1.000000000000
16,21, 0.735657068460
16,33, 0.049003080459
16,36, 0.199396111744
16,42,-0.077138696549
17,17, 1.000000000000
17,22, 0.735657068460
17,43, 0.015438708921
18,13, 0.735657068460
18,18, 1.000000000000
18,39, 0.023589580972
19,14, 0.735657068460
19,19, 1.000000000000
19,34, 0.076380402411
19,37, 0.287095106972
19,40,-0.042576974268
20,15, 0.735657068460
20,20, 1.000000000000
20,30, 0.236915489638
20,31, 0.474896600952
20,32, 0.465759600773
20,35,-0.037701038110
20,38,-0.083063365929
20,41,-0.002768838589
21,16, 0.735657068460
21,21, 1.000000000000
21,33, 0.076380402411
21,36, 0.287095106972
21,42,-0.042576974268
22,17, 0.735657068460
22,22, 1.000000000000
22,43, 0.023589580972
23,23, 1.000000000000
24,24, 1.000000000000
24,39, 0.050421393816
25,25, 1.000000000000
25,34, 0.105287045783
25,37, 0.325818917613
25,40,-0.123529422532
26,26, 1.000000000000
26,30, 0.228921523710
26,31, 0.359173764076
26,32, 0.167304417758
26,35,-0.133138005227
26,38,-0.223822226946
26,41, 0.062071226557
27,27, 1.000000000000
27,33, 0.105287045783
27,36, 0.325818917613
27,42,-0.123529422532
28,28, 1.000000000000
28,43, 0.050421393816
29,29, 1.000000000000
30,0, 0.000246382580
30,1,-0.000528100030
30,2, 0.080338535927
30,3, 0.091954254613
30,6, 0.083012936614
30,9, 0.178952212041
30,12, 0.102587437397
30,15, 0.153181981939
30,20, 0.236915489638
30,26, 0.228921523710
30,30, 1.000000000000
30,31, 0.706285044924
30,32, 0.373527845196
31,0, 0.007911376975
31,1,-0.013119168853
31,2, 0.218378720659
31,3, 0.244605460688
31,6, 0.236831163056
31,9, 0.423909624165
31,12, 0.263647214348
31,15, 0.330211699617
31,20, 0.474896600952
31,26, 0.359173764076
31,30, 0.706285044924
31,31, 1.000000000000
31,32, 0.788878094516
32,0, 0.066239350696
32,1,-0.089742791481
32,2, 0.433738204050
32,3, 0.491696630291
32,6, 0.353717990107
32,9, 0.627745878950
32,12, 0.482712055690
32,15, 0.273890486826
32,20, 0.465759600773
32,26, 0.167304417758
32,30, 0.373527845196
32,31, 0.788878094516
32,32, 1.000000000000
33,4, 0.015131663381
33,7, 0.033052287209
33,10, 0.018875950040
33,16, 0.049003080459
33,21, 0.076380402411
33,27, 0.105287045783
33,33, 1.000000000000
33,36, 0.614923564058
34,5, 0.015131663381
34,8, 0.033052287209
34,11, 0.018875950040
34,14, 0.049003080459
34,19, 0.076380402411
34,25, 0.105287045783
34,34, 1.000000000000
34,37, 0.614923564058
35,0,-0.000491381075
35,1, 0.001054161106
35,2,-0.039571687147
35,3,-0.017665722337
35,6,-0.071558288454
35,9,-0.033752035640
35,12, 0.004508155284
35,15,-0.119669964621
35,20,-0.037701038110
35,26,-0.133138005227
35,35, 1.000000000000
35,38, 0.614923564058
36,4, 0.077848716615
36,7, 0.142841586856
36,10, 0.087306839949
36,16, 0.199396111744
36,21, 0.287095106972
36,27, 0.325818917613
36,33, 0.614923564058
36,36, 1.000000000000
37,5, 0.077848716615
37,8, 0.142841586856
37,11, 0.087306839949
37,14, 0.199396111744
37,19, 0.287095106972
37,25, 0.325818917613
37,34, 0.614923564058
37,37, 1.000000000000
38,0,-0.016663414594
38,1, 0.027439933990
38,2,-0.169652119596
38,3,-0.079945677204
38,6,-0.277096137070
38,9,-0.119584274045
38,12, 0.023266850781
38,15,-0.317777907559
38,20,-0.083063365929
38,26,-0.223822226946
38,35, 0.614923564058
38,38, 1.000000000000
39,13, 0.015438708921
39,18, 0.023589580972
39,24, 0.050421393816
39,39, 1.000000000000
40,5,-0.027225782636
40,8,-0.020746793726
40,11,-0.004536365917
40,14,-0.077138696549
40,19,-0.042576974268
40,25,-0.123529422532
40,40, 1.000000000000
41,0, 0.001663866868
41,1,-0.003440573935
41,2, 0.018963300499
41,3, 0.003352284901
41,6, 0.056855042642
41,9,-0.000048292325
41,12,-0.003254021696
41,15, 0.077047348069
41,20,-0.002768838589
41,26, 0.062071226557
41,41, 1.000000000000
42,4,-0.027225782636
42,7,-0.020746793726
42,10,-0.004536365917
42,16,-0.077138696549
42,21,-0.042576974268
42,27,-0.123529422532
42,42, 1.000000000000
43,17, 0.015438708921
43,22, 0.023589580972
43,28, 0.050421393816
43,43, 1.000000000000
