0,0, 1.000000000000
0,1,-0.978006127515
0,2, 0.309365546793
0,3, 0.160526524698
0,30, 0.003130620814
0,31, 0.040040209226
0,32, 0.127648015733
0,35,-0.005680162671
0,38,-0.083609834288
0,41, 0.015023064238
1,0,-0.978006127515
1,1, 1.000000000000
1,2,-0.401295671468
1,3,-0.212880285889
1,30,-0.006337143113
1,31,-0.059367907157
1,32,-0.169362514994
1,35, 0.011329852659
1,38, 0.118821377249
1,41,-0.026242784670
2,0, 0.309365546793
2,1,-0.401295671468
2,2, 1.000000000000
2,3, 0.842282352238
2,30, 0.133154881000
2,31, 0.337613131934
2,32, 0.591172599567
2,35,-0.051873187267
2,38,-0.209489367124
2,41, 0.019425038201
3,0, 0.160526524698
3,1,-0.212880285889
3,2, 0.842282352238
3,3, 1.000000000000
3,30, 0.112047126108
3,31, 0.294612107564
3,32, 0.576135198702
3,35,-0.016972345837
3,38,-0.076061510169
3,41, 0.002534714597
4,4, 1.000000000000
4,7, 0.640958378469
4,10, 0.275826042302
4,33, 0.045368612664
4,36, 0.187127223767
4,42,-0.064599138322
5,5, 1.000000000000
5,8, 0.640958378469
5,11, 0.275826042302
5,34, 0.045368612664
5,37, 0.187127223767
5,40,-0.064599138322
6,6, 1.000000000000
6,9, 0.640958378469
6,12, 0.275826042302
6,30, 0.193391412382
6,31, 0.427988429897
6,32, 0.445058384163
6,35,-0.121424577664
6,38,-0.361159594405
6,41, 0.068218884776
7,4, 0.640958378469
7,7, 1.000000000000
7,10, 0.740182379030
7,33, 0.048478960433
7,36, 0.202331370599
7,42,-0.023865187491
8,5, 0.640958378469
8,8, 1.000000000000
8,11, 0.740182379030
8,34, 0.048478960433
8,37, 0.202331370599
8,40,-0.023865187491
9,6, 0.640958378469
9,9, 1.000000000000
9,12, 0.740182379030
9,30, 0.206412474762
9,31, 0.469326143683
9,32, 0.640317165566
9,35,-0.012366628598
9,38,-0.028496338286
9,41,-0.010479396214
10,4, 0.275826042302
10,7, 0.740182379030
10,10, 1.000000000000
10,33, 0.021805025628
10,36, 0.100327301808
10,42,-0.004126632017
11,5, 0.275826042302
11,8, 0.740182379030
11,11, 1.000000000000
11,34, 0.021805025628
11,37, 0.100327301808
11,40,-0.004126632017
12,6, 0.275826042302
12,9, 0.740182379030
12,12, 1.000000000000
12,30, 0.093357370189
12,31, 0.238428142533
12,32, 0.429743041440
12,35, 0.011498538842
12,38, 0.054629546688
12,41,-0.003644222222
13,13, 1.000000000000
13,18, 0.735657068460
13,39, 0.048100159697
14,14, 1.000000000000
14,19, 0.735657068460
14,34, 0.125748661211
14,37, 0.387305672956
14,40,-0.131007144601
15,15, 1.000000000000
15,20, 0.735657068460
15,30, 0.304205613102
15,31, 0.479435926479
15,32, 0.273115186822
15,35,-0.135658895588
15,38,-0.213786201213
15,41, 0.031600330171
16,16, 1.000000000000
16,21, 0.735657068460
16,33, 0.125748661211
16,36, 0.387305672956
16,42,-0.131007144601
17,17, 1.000000000000
17,22, 0.735657068460
17,43, 0.048100159697
18,13, 0.735657068460
18,18, 1.000000000000
18,39, 0.040139970008
19,14, 0.735657068460
19,19, 1.000000000000
19,34, 0.103393344463
19,37, 0.363426204505
19,40,-0.029774665087
20,15, 0.735657068460
20,20, 1.000000000000
20,30, 0.251729924998
20,31, 0.466674023732
20,32, 0.398806594393
20,35, 0.013560346781
20,38, 0.093764148013
20,41,-0.012487782509
21,16, 0.735657068460
21,21, 1.000000000000
21,33, 0.103393344463
21,36, 0.363426204505
21,42,-0.029774665087
22,17, 0.735657068460
22,22, 1.000000000000
22,43, 0.040139970008
23,23, 1.000000000000
24,24, 1.000000000000
24,39, 0.120943846839
25,25, 1.000000000000
25,34, 0.207632481981
25,37, 0.491423294126
25,40,-0.126012814063
26,26, 1.000000000000
26,30, 0.350037512377
26,31, 0.405607769870
26,32, 0.130929204959
26,35,-0.066655023863
26,38, 0.018493299494
26,41, 0.007556704726
27,27, 1.000000000000
27,33, 0.207632481981
27,36, 0.491423294126
27,42,-0.126012814063
28,28, 1.000000000000
28,43, 0.120943846839
29,29, 1.000000000000
30,0, 0.003130620814
30,1,-0.006337143113
30,2, 0.133154881000
30,3, 0.112047126108
30,6, 0.193391412382
30,9, 0.206412474762
30,12, 0.093357370189
30,15, 0.304205613102
30,20, 0.251729924998
30,26, 0.350037512377
30,30, 1.000000000000
30,31, 0.706285044924
30,32, 0.373527845196
31,0, 0.040040209226
31,1,-0.059367907157
31,2, 0.337613131934
31,3, 0.294612107564
31,6, 0.427988429897
31,9, 0.469326143683
31,12, 0.238428142533
31,15, 0.479435926479
31,20, 0.466674023732
31,26, 0.405607769870
31,30, 0.706285044924
31,31, 1.000000000000
31,32, 0.788878094516
32,0, 0.127648015733
32,1,-0.169362514994
32,2, 0.591172599567
32,3, 0.576135198702
32,6, 0.445058384163
32,9, 0.640317165566
32,12, 0.429743041440
32,15, 0.273115186822
32,20, 0.398806594393
32,26, 0.130929204959
32,30, 0.373527845196
32,31, 0.788878094516
32,32, 1.000000000000
33,4, 0.045368612664
33,7, 0.048478960433
33,10, 0.021805025628
33,16, 0.125748661211
33,21, 0.103393344463
33,27, 0.207632481981
33,33, 1.000000000000
33,36, 0.614923564058
34,5, 0.045368612664
34,8, 0.048478960433
34,11, 0.021805025628
34,14, 0.125748661211
34,19, 0.103393344463
34,25, 0.207632481981
34,34, 1.000000000000
34,37, 0.614923564058
35,0,-0.005680162671
35,1, 0.011329852659
35,2,-0.051873187267
35,3,-0.016972345837
35,6,-0.121424577664
35,9,-0.012366628598
35,12, 0.011498538842
35,15,-0.135658895588
35,20, 0.013560346781
35,26,-0.066655023863
35,35, 1.000000000000
35,38, 0.614923564058
36,4, 0.187127223767
36,7, 0.202331370599
36,10, 0.100327301808
36,16, 0.387305672956
36,21, 0.363426204505
36,27, 0.491423294126
36,33, 0.614923564058
36,36, 1.000000000000
37,5, 0.187127223767
37,8, 0.202331370599
37,11, 0.100327301808
37,14, 0.387305672956
37,19, 0.363426204505
37,25, 0.491423294126
37,34, 0.614923564058
37,37, 1.000000000000
38,0,-0.083609834288
38,1, 0.118821377249
38,2,-0.209489367124
38,3,-0.076061510169
38,6,-0.361159594405
38,9,-0.028496338286
38,12, 0.054629546688
38,15,-0.213786201213
38,20, 0.093764148013
38,26, 0.018493299494
38,35, 0.614923564058
38,38, 1.000000000000
39,13, 0.048100159697
39,18, 0.040139970008
39,24, 0.120943846839
39,39, 1.000000000000
40,5,-0.064599138322
40,8,-0.023865187491
40,11,-0.004126632017
40,14,-0.131007144601
40,19,-0.029774665087
40,25,-0.126012814063
40,40, 1.000000000000
41,0, 0.015023064238
41,1,-0.026242784670
41,2, 0.019425038201
41,3, 0.002534714597
41,6, 0.068218884776
41,9,-0.010479396214
41,12,-0.003644222222
41,15, 0.031600330171
41,20,-0.012487782509
41,26, 0.007556704726
41,41, 1.000000000000
42,4,-0.064599138322
42,7,-0.023865187491
42,10,-0.004126632017
42,16,-0.131007144601
42,21,-0.029774665087
42,27,-0.126012814063
42,42, 1.000000000000
43,17, 0.048100159697
43,22, 0.040139970008
43,28, 0.120943846839
43,43, 1.000000000000
