0,0, 1.000000000000
0,1,-0.978006127515
0,2, 0.309365546793
0,3, 0.160526524698
0,30, 0.004238136901
0,31, 0.048321558053
0,32, 0.137481862751
0,35,-0.007593080100
0,38,-0.100243104102
0,41, 0.019642879981
1,0,-0.978006127515
1,1, 1.000000000000
1,2,-0.401295671468
1,3,-0.212880285889
1,30,-0.008455476672
1,31,-0.070643161118
1,32,-0.181977498802
1,35, 0.014843240623
1,38, 0.139804780060
1,41,-0.033101529192
2,0, 0.309365546793
2,1,-0.401295671468
2,2, 1.000000000000
2,3, 0.842282352238
2,30, 0.140975634736
2,31, 0.354642854526
2,32, 0.612216564157
2,35,-0.053014668240
2,38,-0.212658774477
2,41, 0.019137751509
3,0, 0.160526524698
3,1,-0.212880285889
3,2, 0.842282352238
3,3, 1.000000000000
3,30, 0.114576473129
3,31, 0.300867656532
3,32, 0.586541441893
3,35,-0.016747581712
3,38,-0.074971499009
3,41, 0.002413037242
4,4, 1.000000000000
4,7, 0.640958378469
4,10, 0.275826042302
4,33, 0.051528865455
4,36, 0.207076222808
4,42,-0.071232383325
5,5, 1.000000000000
5,8, 0.640958378469
5,11, 0.275826042302
5,34, 0.051528865455
5,37, 0.207076222808
5,40,-0.071232383325
6,6, 1.000000000000
6,9, 0.640958378469
6,12, 0.275826042302
6,30, 0.211622974297
6,31, 0.454372039675
6,32, 0.452807032885
6,35,-0.126552864525
6,38,-0.361172255254
6,41, 0.067728038615
7,4, 0.640958378469
7,7, 1.000000000000
7,10, 0.740182379030
7,33, 0.050622474410
7,36, 0.210447034108
7,42,-0.024033025983
8,5, 0.640958378469
8,8, 1.000000000000
8,11, 0.740182379030
8,34, 0.050622474410
8,37, 0.210447034108
8,40,-0.024033025983
9,6, 0.640958378469
9,9, 1.000000000000
9,12, 0.740182379030
9,30, 0.207928381790
9,31, 0.470589160251
9,32, 0.636124712398
9,35,-0.008532985956
9,38,-0.013086762580
9,41,-0.011738789195
10,4, 0.275826042302
10,7, 0.740182379030
10,10, 1.000000000000
10,33, 0.022163222608
10,36, 0.101915033811
10,42,-0.004046936539
11,5, 0.275826042302
11,8, 0.740182379030
11,11, 1.000000000000
11,34, 0.022163222608
11,37, 0.101915033811
11,40,-0.004046936539
12,6, 0.275826042302
12,9, 0.740182379030
12,12, 1.000000000000
12,30, 0.091558380867
12,31, 0.233668277472
12,32, 0.420418162993
12,35, 0.012409674609
12,38, 0.058694547013
12,41,-0.003649623838
13,13, 1.000000000000
13,18, 0.735657068460
13,39, 0.054688152088
14,14, 1.000000000000
14,19, 0.735657068460
14,34, 0.138646068733
14,37, 0.413806295470
14,40,-0.134910696532
15,15, 1.000000000000
15,20, 0.735657068460
15,30, 0.323006430546
15,31, 0.491327416682
15,32, 0.268259855394
15,35,-0.128222944295
15,38,-0.179723127002
15,41, 0.020997007740
16,16, 1.000000000000
16,21, 0.735657068460
16,33, 0.138646068733
16,36, 0.413806295470
16,42,-0.134910696532
17,17, 1.000000000000
17,22, 0.735657068460
17,43, 0.054688152088
18,13, 0.735657068460
18,18, 1.000000000000
18,39, 0.042623902122
19,14, 0.735657068460
19,19, 1.000000000000
19,34, 0.106052683277
19,37, 0.369961114062
19,40,-0.026498675545
20,15, 0.735657068460
20,20, 1.000000000000
20,30, 0.249035183153
20,31, 0.457620758945
20,32, 0.385033213504
20,35, 0.021393027250
20,38, 0.118322022391
20,41,-0.012174500084
21,16, 0.735657068460
21,21, 1.000000000000
21,33, 0.106052683277
21,36, 0.369961114062
21,42,-0.026498675545
22,17, 0.735657068460
22,22, 1.000000000000
22,43, 0.042623902122
23,23, 1.000000000000
24,24, 1.000000000000
24,39, 0.132335746504
25,25, 1.000000000000
25,34, 0.220270619385
25,37, 0.505783397012
25,40,-0.116835191646
26,26, 1.000000000000
26,30, 0.357692185454
26,31, 0.400491917138
26,32, 0.124031951479
26,35,-0.047237502279
26,38, 0.060429363954
26,41, 0.003092629914
27,27, 1.000000000000
27,33, 0.220270619385
27,36, 0.505783397012
27,42,-0.116835191646
28,28, 1.000000000000
28,43, 0.132335746504
29,29, 1.000000000000
30,0, 0.004238136901
30,1,-0.008455476672
30,2, 0.140975634736
30,3, 0.114576473129
30,6, 0.211622974297
30,9, 0.207928381790
30,12, 0.091558380867
30,15, 0.323006430546
30,20, 0.249035183153
30,26, 0.357692185454
30,30, 1.000000000000
30,31, 0.706285044924
30,32, 0.373527845196
31,0, 0.048321558053
31,1,-0.070643161118
31,2, 0.354642854526
31,3, 0.300867656532
31,6, 0.454372039675
31,9, 0.470589160251
31,12, 0.233668277472
31,15, 0.491327416682
31,20, 0.457620758945
31,26, 0.400491917138
31,30, 0.706285044924
31,31, 1.000000000000
31,32, 0.788878094516
32,0, 0.137481862751
32,1,-0.181977498802
32,2, 0.612216564157
32,3, 0.586541441893
32,6, 0.452807032885
32,9, 0.636124712398
32,12, 0.420418162993
32,15, 0.268259855394
32,20, 0.385033213504
32,26, 0.124031951479
32,30, 0.373527845196
32,31, 0.788878094516
32,32, 1.000000000000
33,4, 0.051528865455
33,7, 0.050622474410
33,10, 0.022163222608
33,16, 0.138646068733
33,21, 0.106052683277
33,27, 0.220270619385
33,33, 1.000000000000
33,36, 0.614923564058
34,5, 0.051528865455
34,8, 0.050622474410
34,11, 0.022163222608
34,14, 0.138646068733
34,19, 0.106052683277
34,25, 0.220270619385
34,34, 1.000000000000
34,37, 0.614923564058
35,0,-0.007593080100
35,1, 0.014843240623
35,2,-0.053014668240
35,3,-0.016747581712
35,6,-0.126552864525
35,9,-0.008532985956
35,12, 0.012409674609
35,15,-0.128222944295
35,20, 0.021393027250
35,26,-0.047237502279
35,35, 1.000000000000
35,38, 0.614923564058
36,4, 0.207076222808
36,7, 0.210447034108
36,10, 0.101915033811
36,16, 0.413806295470
36,21, 0.369961114062
36,27, 0.505783397012
36,33, 0.614923564058
36,36, 1.000000000000
37,5, 0.207076222808
37,8, 0.210447034108
37,11, 0.101915033811
37,14, 0.413806295470
37,19, 0.369961114062
37,25, 0.505783397012
37,34, 0.614923564058
37,37, 1.000000000000
38,0,-0.100243104102
38,1, 0.139804780060
38,2,-0.212658774477
38,3,-0.074971499009
38,6,-0.361172255254
38,9,-0.013086762580
38,12, 0.058694547013
38,15,-0.179723127002
38,20, 0.118322022391
38,26, 0.060429363954
38,35, 0.614923564058
38,38, 1.000000000000
39,13, 0.054688152088
39,18, 0.042623902122
39,24, 0.132335746504
39,39, 1.000000000000
40,5,-0.071232383325
40,8,-0.024033025983
40,11,-0.004046936539
40,14,-0.134910696532
40,19,-0.026498675545
40,25,-0.116835191646
40,40, 1.000000000000
41,0, 0.019642879981
41,1,-0.033101529192
41,2, 0.019137751509
41,3, 0.002413037242
41,6, 0.067728038615
41,9,-0.011738789195
41,12,-0.003649623838
41,15, 0.020997007740
41,20,-0.012174500084
41,26, 0.003092629914
41,41, 1.000000000000
42,4,-0.071232383325
42,7,-0.024033025983
42,10,-0.004046936539
42,16,-0.134910696532
42,21,-0.026498675545
42,27,-0.116835191646
42,42, 1.000000000000
43,17, 0.054688152088
43,22, 0.042623902122
43,28, 0.132335746504
43,43, 1.000000000000
