0,0, 1.000000000000
0,1,-0.978006127515
0,2, 0.309365546793
0,3, 0.160526524698
0,30, 0.002071533918
0,31, 0.030891053868
0,32, 0.115150404491
0,35,-0.003825111308
0,38,-0.064916161985
0,41, 0.010446534688
1,0,-0.978006127515
1,1, 1.000000000000
1,2,-0.401295671468
1,3,-0.212880285889
1,30,-0.004261882651
1,31,-0.046687482970
1,32,-0.153284742671
1,35, 0.007799643458
1,38, 0.094638028448
1,41,-0.019048329744
2,0, 0.309365546793
2,1,-0.401295671468
2,2, 1.000000000000
2,3, 0.842282352238
2,30, 0.123007370840
2,31, 0.315308849360
2,32, 0.563139501821
2,35,-0.050133249216
2,38,-0.204369855741
2,41, 0.019677677156
3,0, 0.160526524698
3,1,-0.212880285889
3,2, 0.842282352238
3,3, 1.000000000000
3,30, 0.108626510984
3,31, 0.286139030586
3,32, 0.561987659697
3,35,-0.017222470964
3,38,-0.077300763912
3,41, 0.002692943395
4,4, 1.000000000000
4,7, 0.640958378469
4,10, 0.275826042302
4,33, 0.038082270060
4,36, 0.162720127919
4,42,-0.056432146045
5,5, 1.000000000000
5,8, 0.640958378469
5,11, 0.275826042302
5,34, 0.038082270060
5,37, 0.162720127919
5,40,-0.056432146045
6,6, 1.000000000000
6,9, 0.640958378469
6,12, 0.275826042302
6,30, 0.170282411277
6,31, 0.392623088646
6,32, 0.432849263822
6,35,-0.113762364050
6,38,-0.355869626994
6,41, 0.068044406016
7,4, 0.640958378469
7,7, 1.000000000000
7,10, 0.740182379030
7,33, 0.045651597274
7,36, 0.191576209536
7,42,-0.023542352947
8,5, 0.640958378469
8,8, 1.000000000000
8,11, 0.740182379030
8,34, 0.045651597274
8,37, 0.191576209536
8,40,-0.023542352947
9,6, 0.640958378469
9,9, 1.000000000000
9,12, 0.740182379030
9,30, 0.203532916844
9,31, 0.465764002445
9,32, 0.643679560930
9,35,-0.017131916780
9,38,-0.047909792988
9,41,-0.008724462112
10,4, 0.275826042302
10,7, 0.740182379030
10,10, 1.000000000000
10,33, 0.021317113481
10,36, 0.098163069945
10,42,-0.004223485172
11,5, 0.275826042302
11,8, 0.740182379030
11,11, 1.000000000000
11,34, 0.021317113481
11,37, 0.098163069945
11,40,-0.004223485172
12,6, 0.275826042302
12,9, 0.740182379030
12,12, 1.000000000000
12,30, 0.095542735260
12,31, 0.244249292293
12,32, 0.441319964699
12,35, 0.010276421657
12,38, 0.049169655564
12,41,-0.003619910710
13,13, 1.000000000000
13,18, 0.735657068460
13,39, 0.040245794344
14,14, 1.000000000000
14,19, 0.735657068460
14,34, 0.109375715568
14,37, 0.351920805847
14,40,-0.123964781478
15,15, 1.000000000000
15,20, 0.735657068460
15,30, 0.277736700395
15,31, 0.459808185580
15,32, 0.277836956579
15,35,-0.141387995813
15,38,-0.251767055485
15,41, 0.044635262989
16,16, 1.000000000000
16,21, 0.735657068460
16,33, 0.109375715568
16,36, 0.351920805847
16,42,-0.123964781478
17,17, 1.000000000000
17,22, 0.735657068460
17,43, 0.040245794344
18,13, 0.735657068460
18,18, 1.000000000000
18,39, 0.036928371117
19,14, 0.735657068460
19,19, 1.000000000000
19,34, 0.099422954738
19,37, 0.353165853176
19,40,-0.033551490789
20,15, 0.735657068460
20,20, 1.000000000000
20,30, 0.253543068066
20,31, 0.475833112648
20,32, 0.415515292200
20,35, 0.003295097261
20,38, 0.060792608334
20,41,-0.012206525152
21,16, 0.735657068460
21,21, 1.000000000000
21,33, 0.099422954738
21,36, 0.353165853176
21,42,-0.033551490789
22,17, 0.735657068460
22,22, 1.000000000000
22,43, 0.036928371117
23,23, 1.000000000000
24,24, 1.000000000000
24,39, 0.106316248458
25,25, 1.000000000000
25,34, 0.189792533354
25,37, 0.468497043084
25,40,-0.134256559528
26,26, 1.000000000000
26,30, 0.335750511419
26,31, 0.408036737277
26,32, 0.139513507781
26,35,-0.089020414071
26,38,-0.035624984606
26,41, 0.015743253322
27,27, 1.000000000000
27,33, 0.189792533354
27,36, 0.468497043084
27,42,-0.134256559528
28,28, 1.000000000000
28,43, 0.106316248458
29,29, 1.000000000000
30,0, 0.002071533918
30,1,-0.004261882651
30,2, 0.123007370840
30,3, 0.108626510984
30,6, 0.170282411277
30,9, 0.203532916844
30,12, 0.095542735260
30,15, 0.277736700395
30,20, 0.253543068066
30,26, 0.335750511419
30,30, 1.000000000000
30,31, 0.706285044924
30,32, 0.373527845196
31,0, 0.030891053868
31,1,-0.046687482970
31,2, 0.315308849360
31,3, 0.286139030586
31,6, 0.392623088646
31,9, 0.465764002445
31,12, 0.244249292293
31,15, 0.459808185580
31,20, 0.475833112648
31,26, 0.408036737277
31,30, 0.706285044924
31,31, 1.000000000000
31,32, 0.788878094516
32,0, 0.115150404491
32,1,-0.153284742671
32,2, 0.563139501821
32,3, 0.561987659697
32,6, 0.432849263822
32,9, 0.643679560930
32,12, 0.441319964699
32,15, 0.277836956579
32,20, 0.415515292200
32,26, 0.139513507781
32,30, 0.373527845196
32,31, 0.788878094516
32,32, 1.000000000000
33,4, 0.038082270060
33,7, 0.045651597274
33,10, 0.021317113481
33,16, 0.109375715568
33,21, 0.099422954738
33,27, 0.189792533354
33,33, 1.000000000000
33,36, 0.614923564058
34,5, 0.038082270060
34,8, 0.045651597274
34,11, 0.021317113481
34,14, 0.109375715568
34,19, 0.099422954738
34,25, 0.189792533354
34,34, 1.000000000000
34,37, 0.614923564058
35,0,-0.003825111308
35,1, 0.007799643458
35,2,-0.050133249216
35,3,-0.017222470964
35,6,-0.113762364050
35,9,-0.017131916780
35,12, 0.010276421657
35,15,-0.141387995813
35,20, 0.003295097261
35,26,-0.089020414071
35,35, 1.000000000000
35,38, 0.614923564058
36,4, 0.162720127919
36,7, 0.191576209536
36,10, 0.098163069945
36,16, 0.351920805847
36,21, 0.353165853176
36,27, 0.468497043084
36,33, 0.614923564058
36,36, 1.000000000000
37,5, 0.162720127919
37,8, 0.191576209536
37,11, 0.098163069945
37,14, 0.351920805847
37,19, 0.353165853176
37,25, 0.468497043084
37,34, 0.614923564058
37,37, 1.000000000000
38,0,-0.064916161985
38,1, 0.094638028448
38,2,-0.204369855741
38,3,-0.077300763912
38,6,-0.355869626994
38,9,-0.047909792988
38,12, 0.049169655564
38,15,-0.251767055485
38,20, 0.060792608334
38,26,-0.035624984606
38,35, 0.614923564058
38,38, 1.000000000000
39,13, 0.040245794344
39,18, 0.036928371117
39,24, 0.106316248458
39,39, 1.000000000000
40,5,-0.056432146045
40,8,-0.023542352947
40,11,-0.004223485172
40,14,-0.123964781478
40,19,-0.033551490789
40,25,-0.134256559528
40,40, 1.000000000000
41,0, 0.010446534688
41,1,-0.019048329744
41,2, 0.019677677156
41,3, 0.002692943395
41,6, 0.068044406016
41,9,-0.008724462112
41,12,-0.003619910710
41,15, 0.044635262989
41,20,-0.012206525152
41,26, 0.015743253322
41,41, 1.000000000000
42,4,-0.056432146045
42,7,-0.023542352947
42,10,-0.004223485172
42,16,-0.123964781478
42,21,-0.033551490789
42,27,-0.134256559528
42,42, 1.000000000000
43,17, 0.040245794344
43,22, 0.036928371117
43,28, 0.106316248458
43,43, 1.000000000000
