0,0, 1.000000000000
0,1,-0.978006127515
0,2, 0.309365546793
0,3, 0.160526524698
0,30, 0.004682641000
0,31, 0.051381154676
0,32, 0.140843111497
0,35,-0.008355435555
0,38,-0.106317952769
0,41, 0.021461356254
1,0,-0.978006127515
1,1, 1.000000000000
1,2,-0.401295671468
1,3,-0.212880285889
1,30,-0.009292815646
1,31,-0.074767910491
1,32,-0.186282571664
1,35, 0.016212144464
1,38, 0.147361278506
1,41,-0.035711428543
2,0, 0.309365546793
2,1,-0.401295671468
2,2, 1.000000000000
2,3, 0.842282352238
2,30, 0.143618276297
2,31, 0.360367450190
2,32, 0.619224465581
2,35,-0.053360922778
2,38,-0.213578038716
2,41, 0.019023385891
3,0, 0.160526524698
3,1,-0.212880285889
3,2, 0.842282352238
3,3, 1.000000000000
3,30, 0.115411765475
3,31, 0.302931699159
3,32, 0.589967968511
3,35,-0.016665540501
3,38,-0.074577467757
3,41, 0.002371998706
4,4, 1.000000000000
4,7, 0.640958378469
4,10, 0.275826042302
4,33, 0.053723627082
4,36, 0.214043929285
4,42,-0.073542771064
5,5, 1.000000000000
5,8, 0.640958378469
5,11, 0.275826042302
5,34, 0.053723627082
5,37, 0.214043929285
5,40,-0.073542771064
6,6, 1.000000000000
6,9, 0.640958378469
6,12, 0.275826042302
6,30, 0.217853786565
6,31, 0.463084628772
6,32, 0.455099281217
6,35,-0.128123147288
6,38,-0.360338558994
6,41, 0.067434778955
7,4, 0.640958378469
7,7, 1.000000000000
7,10, 0.740182379030
7,33, 0.051340205064
7,36, 0.213157418794
7,42,-0.024074102502
8,5, 0.640958378469
8,8, 1.000000000000
8,11, 0.740182379030
8,34, 0.051340205064
8,37, 0.213157418794
8,40,-0.024074102502
9,6, 0.640958378469
9,9, 1.000000000000
9,12, 0.740182379030
9,30, 0.208304722865
9,31, 0.470731198815
9,32, 0.634402988617
9,35,-0.007208377897
9,38,-0.007799781323
9,41,-0.012145333192
10,4, 0.275826042302
10,7, 0.740182379030
10,10, 1.000000000000
10,33, 0.022281042981
10,36, 0.102437075928
10,42,-0.004019034781
11,5, 0.275826042302
11,8, 0.740182379030
11,11, 1.000000000000
11,34, 0.022281042981
11,37, 0.102437075928
11,40,-0.004019034781
12,6, 0.275826042302
12,9, 0.740182379030
12,12, 1.000000000000
12,30, 0.090928411979
12,31, 0.232007102431
12,32, 0.417188722403
12,35, 0.012711910797
12,38, 0.060041953418
12,41,-0.003648950113
13,13, 1.000000000000
13,18, 0.735657068460
13,39, 0.057020767414
14,14, 1.000000000000
14,19, 0.735657068460
14,34, 0.143039840888
14,37, 0.422572587659
14,40,-0.135901707739
15,15, 1.000000000000
15,20, 0.735657068460
15,30, 0.328995629095
15,31, 0.494693152452
15,32, 0.266393320460
15,35,-0.125119084713
15,38,-0.167350944396
15,41, 0.017366975605
16,16, 1.000000000000
16,21, 0.735657068460
16,33, 0.143039840888
16,36, 0.422572587659
16,42,-0.135901707739
17,17, 1.000000000000
17,22, 0.735657068460
17,43, 0.057020767414
18,13, 0.735657068460
18,18, 1.000000000000
18,39, 0.043464862120
19,14, 0.735657068460
19,19, 1.000000000000
19,34, 0.106871463797
19,37, 0.371899734034
19,40,-0.025323084559
20,15, 0.735657068460
20,20, 1.000000000000
20,30, 0.247880502753
20,31, 0.454192344237
20,32, 0.380219014558
20,35, 0.024012230915
20,38, 0.126423468249
20,41,-0.011964224816
21,16, 0.735657068460
21,21, 1.000000000000
21,33, 0.106871463797
21,36, 0.371899734034
21,42,-0.025323084559
22,17, 0.735657068460
22,22, 1.000000000000
22,43, 0.043464862120
23,23, 1.000000000000
24,24, 1.000000000000
24,39, 0.136191281853
25,25, 1.000000000000
25,34, 0.224289638469
25,37, 0.509961561481
25,40,-0.113190975742
26,26, 1.000000000000
26,30, 0.359602027538
26,31, 0.398156501315
26,32, 0.121657699445
26,35,-0.040321434827
26,38, 0.074509847800
26,41, 0.002003148312
27,27, 1.000000000000
27,33, 0.224289638469
27,36, 0.509961561481
27,42,-0.113190975742
28,28, 1.000000000000
28,43, 0.136191281853
29,29, 1.000000000000
30,0, 0.004682641000
30,1,-0.009292815646
30,2, 0.143618276297
30,3, 0.115411765475
30,6, 0.217853786565
30,9, 0.208304722865
30,12, 0.090928411979
30,15, 0.328995629095
30,20, 0.247880502753
30,26, 0.359602027538
30,30, 1.000000000000
30,31, 0.706285044924
30,32, 0.373527845196
31,0, 0.051381154676
31,1,-0.074767910491
31,2, 0.360367450190
31,3, 0.302931699159
31,6, 0.463084628772
31,9, 0.470731198815
31,12, 0.232007102431
31,15, 0.494693152452
31,20, 0.454192344237
31,26, 0.398156501315
31,30, 0.706285044924
31,31, 1.000000000000
31,32, 0.788878094516
32,0, 0.140843111497
32,1,-0.186282571664
32,2, 0.619224465581
32,3, 0.589967968511
32,6, 0.455099281217
32,9, 0.634402988617
32,12, 0.417188722403
32,15, 0.266393320460
32,20, 0.380219014558
32,26, 0.121657699445
32,30, 0.373527845196
32,31, 0.788878094516
32,32, 1.000000000000
33,4, 0.053723627082
33,7, 0.051340205064
33,10, 0.022281042981
33,16, 0.143039840888
33,21, 0.106871463797
33,27, 0.224289638469
33,33, 1.000000000000
33,36, 0.614923564058
34,5, 0.053723627082
34,8, 0.051340205064
34,11, 0.022281042981
34,14, 0.143039840888
34,19, 0.106871463797
34,25, 0.224289638469
34,34, 1.000000000000
34,37, 0.614923564058
35,0,-0.008355435555
35,1, 0.016212144464
35,2,-0.053360922778
35,3,-0.016665540501
35,6,-0.128123147288
35,9,-0.007208377897
35,12, 0.012711910797
35,15,-0.125119084713
35,20, 0.024012230915
35,26,-0.040321434827
35,35, 1.000000000000
35,38, 0.614923564058
36,4, 0.214043929285
36,7, 0.213157418794
36,10, 0.102437075928
36,16, 0.422572587659
36,21, 0.371899734034
36,27, 0.509961561481
36,33, 0.614923564058
36,36, 1.000000000000
37,5, 0.214043929285
37,8, 0.213157418794
37,11, 0.102437075928
37,14, 0.422572587659
37,19, 0.371899734034
37,25, 0.509961561481
37,34, 0.614923564058
37,37, 1.000000000000
38,0,-0.106317952769
38,1, 0.147361278506
38,2,-0.213578038716
38,3,-0.074577467757
38,6,-0.360338558994
38,9,-0.007799781323
38,12, 0.060041953418
38,15,-0.167350944396
38,20, 0.126423468249
38,26, 0.074509847800
38,35, 0.614923564058
38,38, 1.000000000000
39,13, 0.057020767414
39,18, 0.043464862120
39,24, 0.136191281853
39,39, 1.000000000000
40,5,-0.073542771064
40,8,-0.024074102502
40,11,-0.004019034781
40,14,-0.135901707739
40,19,-0.025323084559
40,25,-0.113190975742
40,40, 1.000000000000
41,0, 0.021461356254
41,1,-0.035711428543
41,2, 0.019023385891
41,3, 0.002371998706
41,6, 0.067434778955
41,9,-0.012145333192
41,12,-0.003648950113
41,15, 0.017366975605
41,20,-0.011964224816
41,26, 0.002003148312
41,41, 1.000000000000
42,4,-0.073542771064
42,7,-0.024074102502
42,10,-0.004019034781
42,16,-0.135901707739
42,21,-0.025323084559
42,27,-0.113190975742
42,42, 1.000000000000
43,17, 0.057020767414
43,22, 0.043464862120
43,28, 0.136191281853
43,43, 1.000000000000
