0,0, 1.000000000000
0,1,-0.978006127515
0,2, 0.309365546793
0,3, 0.160526524698
0,30, 0.010190272253
0,31, 0.082024820755
0,32, 0.169078015523
0,35,-0.017665131079
0,38,-0.165026496534
0,41, 0.042856553478
1,0,-0.978006127515
1,1, 1.000000000000
1,2,-0.401295671468
1,3,-0.212880285889
1,30,-0.019204730312
1,31,-0.115144063306
1,32,-0.222322120275
1,35, 0.031838352658
1,38, 0.218043669141
1,41,-0.063817728157
2,0, 0.309365546793
2,1,-0.401295671468
2,2, 1.000000000000
2,3, 0.842282352238
2,30, 0.165270260645
2,31, 0.406749637188
2,32, 0.674873299321
2,35,-0.055433918359
2,38,-0.218220577200
2,41, 0.017781006625
3,0, 0.160526524698
3,1,-0.212880285889
3,2, 0.842282352238
3,3, 1.000000000000
3,30, 0.121927654427
3,31, 0.319003099034
3,32, 0.616532056658
3,35,-0.015880688303
3,38,-0.070872720334
3,41, 0.002037693365
4,4, 1.000000000000
4,7, 0.640958378469
4,10, 0.275826042302
4,33, 0.074084360019
4,36, 0.275550586078
4,42,-0.093860638899
5,5, 1.000000000000
5,8, 0.640958378469
5,11, 0.275826042302
5,34, 0.074084360019
5,37, 0.275550586078
5,40,-0.093860638899
6,6, 1.000000000000
6,9, 0.640958378469
6,12, 0.275826042302
6,30, 0.269857292619
6,31, 0.529630359039
6,32, 0.467630527146
6,35,-0.137541237560
6,38,-0.336365959860
6,41, 0.062298628789
7,4, 0.640958378469
7,7, 1.000000000000
7,10, 0.740182379030
7,33, 0.057106709805
7,36, 0.234812739990
7,42,-0.024117535380
8,5, 0.640958378469
8,8, 1.000000000000
8,11, 0.740182379030
8,34, 0.057106709805
8,37, 0.234812739990
8,40,-0.024117535380
9,6, 0.640958378469
9,9, 1.000000000000
9,12, 0.740182379030
9,30, 0.208839462426
9,31, 0.466594033121
9,32, 0.614668306800
9,35, 0.004139708154
9,38, 0.036847553912
9,41,-0.015094685953
10,4, 0.275826042302
10,7, 0.740182379030
10,10, 1.000000000000
10,33, 0.023192388551
10,36, 0.106471745487
10,42,-0.003772064067
11,5, 0.275826042302
11,8, 0.740182379030
11,11, 1.000000000000
11,34, 0.023192388551
11,37, 0.106471745487
11,40,-0.003772064067
12,6, 0.275826042302
12,9, 0.740182379030
12,12, 1.000000000000
12,30, 0.085349950030
12,31, 0.217394723061
12,32, 0.389212479685
12,35, 0.015091326171
12,38, 0.070633020043
12,41,-0.003598501946
13,13, 1.000000000000
13,18, 0.735657068460
13,39, 0.078196571589
14,14, 1.000000000000
14,19, 0.735657068460
14,34, 0.179093313037
14,37, 0.489681152022
14,40,-0.136980969516
15,15, 1.000000000000
15,20, 0.735657068460
15,30, 0.369741699848
15,31, 0.509452722879
15,32, 0.247141809363
15,35,-0.088804508886
15,38,-0.052167163559
15,41,-0.011335102101
16,16, 1.000000000000
16,21, 0.735657068460
16,33, 0.179093313037
16,36, 0.489681152022
16,42,-0.136980969516
17,17, 1.000000000000
17,22, 0.735657068460
17,43, 0.078196571589
18,13, 0.735657068460
18,18, 1.000000000000
18,39, 0.050384150843
19,14, 0.735657068460
19,19, 1.000000000000
19,34, 0.112018918036
19,37, 0.382615813175
19,40,-0.014468456896
20,15, 0.735657068460
20,20, 1.000000000000
20,30, 0.234063308230
20,31, 0.419659265221
20,32, 0.338118066328
20,35, 0.044617400442
20,38, 0.188263148353
20,41,-0.008260703439
21,16, 0.735657068460
21,21, 1.000000000000
21,33, 0.112018918036
21,36, 0.382615813175
21,42,-0.014468456896
22,17, 0.735657068460
22,22, 1.000000000000
22,43, 0.050384150843
23,23, 1.000000000000
24,24, 1.000000000000
24,39, 0.167350128408
25,25, 1.000000000000
25,34, 0.251497265540
25,37, 0.530765032031
25,40,-0.073604465484
26,26, 1.000000000000
26,30, 0.362128883399
26,31, 0.368447010350
26,32, 0.101671357609
26,35, 0.020730129686
26,38, 0.184426287593
26,41, 0.002314292569
27,27, 1.000000000000
27,33, 0.251497265540
27,36, 0.530765032031
27,42,-0.073604465484
28,28, 1.000000000000
28,43, 0.167350128408
29,29, 1.000000000000
30,0, 0.010190272253
30,1,-0.019204730312
30,2, 0.165270260645
30,3, 0.121927654427
30,6, 0.269857292619
30,9, 0.208839462426
30,12, 0.085349950030
30,15, 0.369741699848
30,20, 0.234063308230
30,26, 0.362128883399
30,30, 1.000000000000
30,31, 0.706285044924
30,32, 0.373527845196
31,0, 0.082024820755
31,1,-0.115144063306
31,2, 0.406749637188
31,3, 0.319003099034
31,6, 0.529630359039
31,9, 0.466594033121
31,12, 0.217394723061
31,15, 0.509452722879
31,20, 0.419659265221
31,26, 0.368447010350
31,30, 0.706285044924
31,31, 1.000000000000
31,32, 0.788878094516
32,0, 0.169078015523
32,1,-0.222322120275
32,2, 0.674873299321
32,3, 0.616532056658
32,6, 0.467630527146
32,9, 0.614668306800
32,12, 0.389212479685
32,15, 0.247141809363
32,20, 0.338118066328
32,26, 0.101671357609
32,30, 0.373527845196
32,31, 0.788878094516
32,32, 1.000000000000
33,4, 0.074084360019
33,7, 0.057106709805
33,10, 0.023192388551
33,16, 0.179093313037
33,21, 0.112018918036
33,27, 0.251497265540
33,33, 1.000000000000
33,36, 0.614923564058
34,5, 0.074084360019
34,8, 0.057106709805
34,11, 0.023192388551
34,14, 0.179093313037
34,19, 0.112018918036
34,25, 0.251497265540
34,34, 1.000000000000
34,37, 0.614923564058
35,0,-0.017665131079
35,1, 0.031838352658
35,2,-0.055433918359
35,3,-0.015880688303
35,6,-0.137541237560
35,9, 0.004139708154
35,12, 0.015091326171
35,15,-0.088804508886
35,20, 0.044617400442
35,26, 0.020730129686
35,35, 1.000000000000
35,38, 0.614923564058
36,4, 0.275550586078
36,7, 0.234812739990
36,10, 0.106471745487
36,16, 0.489681152022
36,21, 0.382615813175
36,27, 0.530765032031
36,33, 0.614923564058
36,36, 1.000000000000
37,5, 0.275550586078
37,8, 0.234812739990
37,11, 0.106471745487
37,14, 0.489681152022
37,19, 0.382615813175
37,25, 0.530765032031
37,34, 0.614923564058
37,37, 1.000000000000
38,0,-0.165026496534
38,1, 0.218043669141
38,2,-0.218220577200
38,3,-0.070872720334
38,6,-0.336365959860
38,9, 0.036847553912
38,12, 0.070633020043
38,15,-0.052167163559
38,20, 0.188263148353
38,26, 0.184426287593
38,35, 0.614923564058
38,38, 1.000000000000
39,13, 0.078196571589
39,18, 0.050384150843
39,24, 0.167350128408
39,39, 1.000000000000
40,5,-0.093860638899
40,8,-0.024117535380
40,11,-0.003772064067
40,14,-0.136980969516
40,19,-0.014468456896
40,25,-0.073604465484
40,40, 1.000000000000
41,0, 0.042856553478
41,1,-0.063817728157
41,2, 0.017781006625
41,3, 0.002037693365
41,6, 0.062298628789
41,9,-0.015094685953
41,12,-0.003598501946
41,15,-0.011335102101
41,20,-0.008260703439
41,26, 0.002314292569
41,41, 1.000000000000
42,4,-0.093860638899
42,7,-0.024117535380
42,10,-0.003772064067
42,16,-0.136980969516
42,21,-0.014468456896
42,27,-0.073604465484
42,42, 1.000000000000
43,17, 0.078196571589
43,22, 0.050384150843
43,28, 0.167350128408
43,43, 1.000000000000
