0,0, 1.000000000000
0,1,-0.978006127515
0,2, 0.309365546793
0,3, 0.160526524698
0,30, 0.004031057707
0,31, 0.046849556037
0,32, 0.135816566717
0,35,-0.007236983553
0,38,-0.097306833427
0,41, 0.018789286757
1,0,-0.978006127515
1,1, 1.000000000000
1,2,-0.401295671468
1,3,-0.212880285889
1,30,-0.008062987649
1,31,-0.068651232366
1,32,-0.179843341792
1,35, 0.014197981594
1,38, 0.136132768196
1,41,-0.031860076107
2,0, 0.309365546793
2,1,-0.401295671468
2,2, 1.000000000000
2,3, 0.842282352238
2,30, 0.139660745783
2,31, 0.351788986708
2,32, 0.608710726391
2,35,-0.052834941334
2,38,-0.212172869078
2,41, 0.019191453503
3,0, 0.160526524698
3,1,-0.212880285889
3,2, 0.842282352238
3,3, 1.000000000000
3,30, 0.114157304571
3,31, 0.299831540286
3,32, 0.584820069933
3,35,-0.016787265632
3,38,-0.075162755631
3,41, 0.002433472188
4,4, 1.000000000000
4,7, 0.640958378469
4,10, 0.275826042302
4,33, 0.050458522356
4,36, 0.203652218330
4,42,-0.070095947028
5,5, 1.000000000000
5,8, 0.640958378469
5,11, 0.275826042302
5,34, 0.050458522356
5,37, 0.203652218330
5,40,-0.070095947028
6,6, 1.000000000000
6,9, 0.640958378469
6,12, 0.275826042302
6,30, 0.208535223498
6,31, 0.449996971587
6,32, 0.451605122890
6,35,-0.125740344194
6,38,-0.361427053743
6,41, 0.067849587577
7,4, 0.640958378469
7,7, 1.000000000000
7,10, 0.740182379030
7,33, 0.050264144283
7,36, 0.209092556157
7,42,-0.024009659028
8,5, 0.640958378469
8,8, 1.000000000000
8,11, 0.740182379030
8,34, 0.050264144283
8,37, 0.209092556157
8,40,-0.024009659028
9,6, 0.640958378469
9,9, 1.000000000000
9,12, 0.740182379030
9,30, 0.207715672752
9,31, 0.470465239300
9,32, 0.636924459007
9,35,-0.009186703209
9,38,-0.015702753094
9,41,-0.011532890108
10,4, 0.275826042302
10,7, 0.740182379030
10,10, 1.000000000000
10,33, 0.022104010306
10,36, 0.101652636077
10,42,-0.004060637327
11,5, 0.275826042302
11,8, 0.740182379030
11,11, 1.000000000000
11,34, 0.022104010306
11,37, 0.101652636077
11,40,-0.004060637327
12,6, 0.275826042302
12,9, 0.740182379030
12,12, 1.000000000000
12,30, 0.091867694658
12,31, 0.234484920172
12,32, 0.422010244120
12,35, 0.012258254073
12,38, 0.058019308535
12,41,-0.003649495266
13,13, 1.000000000000
13,18, 0.735657068460
13,39, 0.053547646514
14,14, 1.000000000000
14,19, 0.735657068460
14,34, 0.136465421012
14,37, 0.409406843168
14,40,-0.134354232172
15,15, 1.000000000000
15,20, 0.735657068460
15,30, 0.319955104023
15,31, 0.489529079995
15,32, 0.269146810015
15,35,-0.129656449840
15,38,-0.185721776549
15,41, 0.022798100239
16,16, 1.000000000000
16,21, 0.735657068460
16,33, 0.136465421012
16,36, 0.409406843168
16,42,-0.134354232172
17,17, 1.000000000000
17,22, 0.735657068460
17,43, 0.053547646514
18,13, 0.735657068460
18,18, 1.000000000000
18,39, 0.042205772326
19,14, 0.735657068460
19,19, 1.000000000000
19,34, 0.105630197288
19,37, 0.368945788012
19,40,-0.027070874545
20,15, 0.735657068460
20,20, 1.000000000000
20,30, 0.249564395677
20,31, 0.459258403777
20,32, 0.387399334366
20,35, 0.020083942653
20,38, 0.114252352331
20,41,-0.012259477012
21,16, 0.735657068460
21,21, 1.000000000000
21,33, 0.105630197288
21,36, 0.368945788012
21,42,-0.027070874545
22,17, 0.735657068460
22,22, 1.000000000000
22,43, 0.042205772326
23,23, 1.000000000000
24,24, 1.000000000000
24,39, 0.130417484492
25,25, 1.000000000000
25,34, 0.218221656586
25,37, 0.503576318703
25,40,-0.118547155429
26,26, 1.000000000000
26,30, 0.356613790348
26,31, 0.401541652131
26,32, 0.125205731830
26,35,-0.050616469509
26,38, 0.053398718213
26,41, 0.003716577675
27,27, 1.000000000000
27,33, 0.218221656586
27,36, 0.503576318703
27,42,-0.118547155429
28,28, 1.000000000000
28,43, 0.130417484492
29,29, 1.000000000000
30,0, 0.004031057707
30,1,-0.008062987649
30,2, 0.139660745783
30,3, 0.114157304571
30,6, 0.208535223498
30,9, 0.207715672752
30,12, 0.091867694658
30,15, 0.319955104023
30,20, 0.249564395677
30,26, 0.356613790348
30,30, 1.000000000000
30,31, 0.706285044924
30,32, 0.373527845196
31,0, 0.046849556037
31,1,-0.068651232366
31,2, 0.351788986708
31,3, 0.299831540286
31,6, 0.449996971587
31,9, 0.470465239300
31,12, 0.234484920172
31,15, 0.489529079995
31,20, 0.459258403777
31,26, 0.401541652131
31,30, 0.706285044924
31,31, 1.000000000000
31,32, 0.788878094516
32,0, 0.135816566717
32,1,-0.179843341792
32,2, 0.608710726391
32,3, 0.584820069933
32,6, 0.451605122890
32,9, 0.636924459007
32,12, 0.422010244120
32,15, 0.269146810015
32,20, 0.387399334366
32,26, 0.125205731830
32,30, 0.373527845196
32,31, 0.788878094516
32,32, 1.000000000000
33,4, 0.050458522356
33,7, 0.050264144283
33,10, 0.022104010306
33,16, 0.136465421012
33,21, 0.105630197288
33,27, 0.218221656586
33,33, 1.000000000000
33,36, 0.614923564058
34,5, 0.050458522356
34,8, 0.050264144283
34,11, 0.022104010306
34,14, 0.136465421012
34,19, 0.105630197288
34,25, 0.218221656586
34,34, 1.000000000000
34,37, 0.614923564058
35,0,-0.007236983553
35,1, 0.014197981594
35,2,-0.052834941334
35,3,-0.016787265632
35,6,-0.125740344194
35,9,-0.009186703209
35,12, 0.012258254073
35,15,-0.129656449840
35,20, 0.020083942653
35,26,-0.050616469509
35,35, 1.000000000000
35,38, 0.614923564058
36,4, 0.203652218330
36,7, 0.209092556157
36,10, 0.101652636077
36,16, 0.409406843168
36,21, 0.368945788012
36,27, 0.503576318703
36,33, 0.614923564058
36,36, 1.000000000000
37,5, 0.203652218330
37,8, 0.209092556157
37,11, 0.101652636077
37,14, 0.409406843168
37,19, 0.368945788012
37,25, 0.503576318703
37,34, 0.614923564058
37,37, 1.000000000000
38,0,-0.097306833427
38,1, 0.136132768196
38,2,-0.212172869078
38,3,-0.075162755631
38,6,-0.361427053743
38,9,-0.015702753094
38,12, 0.058019308535
38,15,-0.185721776549
38,20, 0.114252352331
38,26, 0.053398718213
38,35, 0.614923564058
38,38, 1.000000000000
39,13, 0.053547646514
39,18, 0.042205772326
39,24, 0.130417484492
39,39, 1.000000000000
40,5,-0.070095947028
40,8,-0.024009659028
40,11,-0.004060637327
40,14,-0.134354232172
40,19,-0.027070874545
40,25,-0.118547155429
40,40, 1.000000000000
41,0, 0.018789286757
41,1,-0.031860076107
41,2, 0.019191453503
41,3, 0.002433472188
41,6, 0.067849587577
41,9,-0.011532890108
41,12,-0.003649495266
41,15, 0.022798100239
41,20,-0.012259477012
41,26, 0.003716577675
41,41, 1.000000000000
42,4,-0.070095947028
42,7,-0.024009659028
42,10,-0.004060637327
42,16,-0.134354232172
42,21,-0.027070874545
42,27,-0.118547155429
42,42, 1.000000000000
43,17, 0.053547646514
43,22, 0.042205772326
43,28, 0.130417484492
43,43, 1.000000000000
