0,0,-8.304779165709
0,1, 7.225505746423
0,2,-1.349339528710
0,3,-0.676181528277
0,6,-0.013248316594
0,9,-0.003631560413
0,12,-0.001186075631
0,15,-0.002169327385
0,20,-0.000836031689
0,26,-0.000626381985
0,30,-0.000682069837
0,31,-0.029826814882
0,32,-0.304205656330
0,35, 0.001301757085
0,38, 0.063338746635
0,41,-0.004339018174
1,0, 7.225505746423
1,1,-6.487938991449
1,2, 1.471410983255
1,3, 0.749358194027
1,6, 0.019926155312
1,9, 0.006146202928
1,12, 0.002045032860
1,15, 0.003992569306
1,20, 0.001603043879
1,26, 0.001251178947
1,30, 0.001454433621
1,31, 0.041732235181
1,32, 0.343379815570
1,35,-0.002776966577
1,38,-0.088228758577
1,41, 0.008745158559
2,0,-1.349339528710
2,1, 1.471410983255
2,2,-1.544857460852
2,3,-1.106173534491
2,6,-0.076537899167
2,9,-0.080295257663
2,12,-0.041826861583
2,15,-0.049223086939
2,20,-0.049669980586
2,26,-0.037046843274
2,30,-0.182067828886
2,31,-0.360924179907
2,32,-0.664097635417
2,35, 0.081538698601
2,38, 0.305029008281
2,41,-0.046178924908
3,0,-0.676181528277
3,1, 0.749358194027
3,2,-1.106173534491
3,3,-1.006234283073
3,6,-0.058820562684
3,9,-0.088253833154
3,12,-0.060006053934
3,15,-0.042902129540
3,20,-0.055773143463
3,26,-0.035837944391
3,30,-0.195786459045
3,31,-0.362903820754
3,32,-0.616848446920
3,35, 0.041921723009
3,38, 0.165048357561
3,41,-0.016841753815
4,4,-1.778243979189
4,7,-0.859315779979
4,10,-0.340653854315
4,16,-0.048457876448
4,21,-0.032375833469
4,27,-0.020310500199
4,33,-0.030314150667
4,36,-0.126930409609
4,42, 0.049786709906
5,5,-1.778243979189
5,8,-0.859315779979
5,11,-0.340653854315
5,14,-0.048457876448
5,19,-0.032375833469
5,25,-0.020310500199
5,34,-0.030314150667
5,37,-0.126930409609
5,40, 0.049786709906
6,0,-0.013248316594
6,1, 0.019926155312
6,2,-0.076537899167
6,3,-0.058820562684
6,6,-1.826834702931
6,9,-0.905699057437
6,12,-0.362168732330
6,15,-0.094367401548
6,20,-0.071532566432
6,26,-0.055537867547
6,30,-0.201256970200
6,31,-0.427606347352
6,32,-0.579318819132
6,35, 0.148162763657
6,38, 0.500593560859
6,41,-0.117455113885
7,4,-0.859315779979
7,7,-0.936358920697
7,10,-0.583240405071
7,16,-0.043138802913
7,21,-0.052488178667
7,27,-0.024276652623
7,33,-0.057447705968
7,36,-0.187430138256
7,42, 0.036991952933
8,5,-0.859315779979
8,8,-0.936358920697
8,11,-0.583240405071
8,14,-0.043138802913
8,19,-0.052488178667
8,25,-0.024276652623
8,34,-0.057447705968
8,37,-0.187430138256
8,40, 0.036991952933
9,0,-0.003631560413
9,1, 0.006146202928
9,2,-0.080295257663
9,3,-0.088253833154
9,6,-0.905699057437
9,9,-1.016448905055
9,12,-0.632852065387
9,15,-0.097082990502
9,20,-0.125099297763
9,26,-0.076406880488
9,30,-0.384059138312
9,31,-0.631051672331
9,32,-0.760874317364
9,35, 0.076293690996
9,38, 0.231478393443
9,41,-0.018617608593
10,4,-0.340653854315
10,7,-0.583240405071
10,10,-0.590250672188
10,16,-0.019753546357
10,21,-0.033532935945
10,27,-0.012152191181
10,33,-0.031089393806
10,36,-0.104847575660
10,42, 0.010227852656
11,5,-0.340653854315
11,8,-0.583240405071
11,11,-0.590250672188
11,14,-0.019753546357
11,19,-0.033532935945
11,25,-0.012152191181
11,34,-0.031089393806
11,37,-0.104847575660
11,40, 0.010227852656
12,0,-0.001186075631
12,1, 0.002045032860
12,2,-0.041826861583
12,3,-0.060006053934
12,6,-0.362168732330
12,9,-0.632852065387
12,12,-0.630169182570
12,15,-0.045962742017
12,20,-0.077260331605
12,26,-0.039056371233
12,30,-0.207926755403
12,31,-0.355666257565
12,32,-0.489468451400
12,35, 0.004263289661
12,38, 0.019234259929
12,41,-0.001019055949
13,13,-1.311451741675
13,18,-0.830837454513
13,24,-0.041130540868
13,39,-0.026473963621
14,5,-0.048457876448
14,8,-0.043138802913
14,11,-0.019753546357
14,14,-1.345255221152
14,19,-0.858419559412
14,25,-0.074803861968
14,34,-0.096915018346
14,37,-0.308368718510
14,40, 0.136681433278
15,0,-0.002169327385
15,1, 0.003992569306
15,2,-0.049223086939
15,3,-0.042902129540
15,6,-0.094367401548
15,9,-0.097082990502
15,12,-0.045962742017
15,15,-1.396902569778
15,20,-0.909056153245
15,26,-0.125798864150
15,30,-0.371852926701
15,31,-0.582675163119
15,32,-0.440486305508
15,35, 0.242481526699
15,38, 0.533880385788
15,41,-0.152913012859
16,4,-0.048457876448
16,7,-0.043138802913
16,10,-0.019753546357
16,16,-1.345255221152
16,21,-0.858419559412
16,27,-0.074803861968
16,33,-0.096915018346
16,36,-0.308368718510
16,42, 0.136681433278
17,17,-1.311451741675
17,22,-0.830837454513
17,28,-0.041130540868
17,43,-0.026473963621
18,13,-0.830837454513
18,18,-0.897965411567
18,24,-0.036193994838
18,39,-0.035036645354
19,5,-0.032375833469
19,8,-0.052488178667
19,11,-0.033532935945
19,14,-0.858419559412
19,19,-0.934323529826
19,25,-0.068565939633
19,34,-0.132521527828
19,37,-0.373006959076
19,40, 0.074087079274
20,0,-0.000836031689
20,1, 0.001603043879
20,2,-0.049669980586
20,3,-0.055773143463
20,6,-0.071532566432
20,9,-0.125099297763
20,12,-0.077260331605
20,15,-0.909056153245
20,20,-1.005350949425
20,26,-0.126350301379
20,30,-0.512514496174
20,31,-0.716864320571
20,32,-0.593089623951
20,35, 0.083847601958
20,38, 0.170049872955
20,41,-0.014736596781
21,4,-0.032375833469
21,7,-0.052488178667
21,10,-0.033532935945
21,16,-0.858419559412
21,21,-0.934323529826
21,27,-0.068565939633
21,33,-0.132521527828
21,36,-0.373006959076
21,42, 0.074087079274
22,17,-0.830837454513
22,22,-0.897965411567
22,28,-0.036193994838
22,43,-0.035036645354
23,23,-1.129898075901
24,13,-0.041130540868
24,18,-0.036193994838
24,24,-1.153897044301
24,39,-0.082782433512
25,5,-0.020310500199
25,8,-0.024276652623
25,11,-0.012152191181
25,14,-0.074803861968
25,19,-0.068565939633
25,25,-1.188986189865
25,34,-0.201303253975
25,37,-0.478506508449
25,40, 0.209975507364
26,0,-0.000626381985
26,1, 0.001251178947
26,2,-0.037046843274
26,3,-0.035837944391
26,6,-0.055537867547
26,9,-0.076406880488
26,12,-0.039056371233
26,15,-0.125798864150
26,20,-0.126350301379
26,26,-1.245957161766
26,30,-0.549513654934
26,31,-0.634957997321
26,32,-0.309507493246
26,35, 0.261503228914
26,38, 0.366357854349
26,41,-0.122568156436
27,4,-0.020310500199
27,7,-0.024276652623
27,10,-0.012152191181
27,16,-0.074803861968
27,21,-0.068565939633
27,27,-1.188986189865
27,33,-0.201303253975
27,36,-0.478506508449
27,42, 0.209975507364
28,17,-0.041130540868
28,22,-0.036193994838
28,28,-1.153897044301
28,43,-0.082782433512
29,29,-1.129898075901
30,0,-0.000682069837
30,1, 0.001454433621
30,2,-0.182067828886
30,3,-0.195786459045
30,6,-0.201256970200
30,9,-0.384059138312
30,12,-0.207926755403
30,15,-0.371852926701
30,20,-0.512514496174
30,26,-0.549513654934
30,30,-2.825523570564
30,31,-1.565128100684
30,32,-0.781643001330
30,35, 0.070973965887
30,38, 0.048463431661
30,41,-0.013088665975
31,0,-0.029826814882
31,1, 0.041732235181
31,2,-0.360924179907
31,3,-0.362903820754
31,6,-0.427606347352
31,9,-0.631051672331
31,12,-0.355666257565
31,15,-0.582675163119
31,20,-0.716864320571
31,26,-0.634957997321
31,30,-1.565128100684
31,31,-1.625131895958
31,32,-1.146121190632
31,35, 0.080422487335
31,38, 0.147561524963
31,41,-0.030315570327
32,0,-0.304205656330
32,1, 0.343379815570
32,2,-0.664097635417
32,3,-0.616848446920
32,6,-0.579318819132
32,9,-0.760874317364
32,12,-0.489468451400
32,15,-0.440486305508
32,20,-0.593089623951
32,26,-0.309507493246
32,30,-0.781643001330
32,31,-1.146121190632
32,32,-1.220605097916
32,35, 0.047751441266
32,38, 0.158336178960
32,41,-0.023609034260
33,4,-0.030314150667
33,7,-0.057447705968
33,10,-0.031089393806
33,16,-0.096915018346
33,21,-0.132521527828
33,27,-0.201303253975
33,33,-1.968993538699
33,36,-1.052046155800
33,42, 0.066788483064
34,5,-0.030314150667
34,8,-0.057447705968
34,11,-0.031089393806
34,14,-0.096915018346
34,19,-0.132521527828
34,25,-0.201303253975
34,34,-1.968993538699
34,37,-1.052046155800
34,40, 0.066788483064
35,0, 0.001301757085
35,1,-0.002776966577
35,2, 0.081538698601
35,3, 0.041921723009
35,6, 0.148162763657
35,9, 0.076293690996
35,12, 0.004263289661
35,15, 0.242481526699
35,20, 0.083847601958
35,26, 0.261503228914
35,30, 0.070973965887
35,31, 0.080422487335
35,32, 0.047751441266
35,35,-1.990577966967
35,38,-1.072853723931
35,41, 0.084012223402
36,4,-0.126930409609
36,7,-0.187430138256
36,10,-0.104847575660
36,16,-0.308368718510
36,21,-0.373006959076
36,27,-0.478506508449
36,33,-1.052046155800
36,36,-1.350861224914
36,42, 0.084234748296
37,5,-0.126930409609
37,8,-0.187430138256
37,11,-0.104847575660
37,14,-0.308368718510
37,19,-0.373006959076
37,25,-0.478506508449
37,34,-1.052046155800
37,37,-1.350861224914
37,40, 0.084234748296
38,0, 0.063338746635
38,1,-0.088228758577
38,2, 0.305029008281
38,3, 0.165048357561
38,6, 0.500593560859
38,9, 0.231478393443
38,12, 0.019234259929
38,15, 0.533880385788
38,20, 0.170049872955
38,26, 0.366357854349
38,30, 0.048463431661
38,31, 0.147561524963
38,32, 0.158336178960
38,35,-1.072853723931
38,38,-1.429128822929
38,41, 0.112470169191
39,13,-0.026473963621
39,18,-0.035036645354
39,24,-0.082782433512
39,39,-1.570512981558
40,5, 0.049786709906
40,8, 0.036991952933
40,11, 0.010227852656
40,14, 0.136681433278
40,19, 0.074087079274
40,25, 0.209975507364
40,34, 0.066788483064
40,37, 0.084234748296
40,40,-1.597318394896
41,0,-0.004339018174
41,1, 0.008745158559
41,2,-0.046178924908
41,3,-0.016841753815
41,6,-0.117455113885
41,9,-0.018617608593
41,12,-0.001019055949
41,15,-0.152913012859
41,20,-0.014736596781
41,26,-0.122568156436
41,30,-0.013088665975
41,31,-0.030315570327
41,32,-0.023609034260
41,35, 0.084012223402
41,38, 0.112470169191
41,41,-1.610747944762
42,4, 0.049786709906
42,7, 0.036991952933
42,10, 0.010227852656
42,16, 0.136681433278
42,21, 0.074087079274
42,27, 0.209975507364
42,33, 0.066788483064
42,36, 0.084234748296
42,42,-1.597318394896
43,17,-0.026473963621
43,22,-0.035036645354
43,28,-0.082782433512
43,43,-1.570512981558
