0,0,-8.581984070451
0,1, 7.496437210409
0,2,-1.432728486803
0,3,-0.719077331734
0,6,-0.057439447245
0,9,-0.014133131214
0,12,-0.004470993261
0,15,-0.014950283186
0,20,-0.004828872340
0,26,-0.005611443312
0,30,-0.377792051247
0,31,-1.293673135041
0,32,-1.242468038815
0,35, 0.677780416810
0,38, 2.344764537773
0,41,-1.579866379022
1,0, 7.496437210409
1,1,-6.764614284874
1,2, 1.577633816761
1,3, 0.804971478131
1,6, 0.083628313414
1,9, 0.022701598557
1,12, 0.007279727256
1,15, 0.025613255176
1,20, 0.008508727494
1,26, 0.010187327795
1,30, 0.511135327558
1,31, 1.432916157341
1,32, 1.373863337859
1,35,-0.794810553336
1,38,-2.413515087245
1,41, 1.543453198925
2,0,-1.432728486803
2,1, 1.577633816761
2,2,-1.679018436450
2,3,-1.187095842687
2,6,-0.159331733803
2,9,-0.092038630551
2,12,-0.038893551039
2,15,-0.081787353322
2,20,-0.041075914512
2,26,-0.039923779085
2,30,-0.697660155933
2,31,-1.262323561022
2,32,-1.488956928230
2,35, 0.285943066501
2,38, 0.810956436881
2,41,-0.246655924324
3,0,-0.719077331734
3,1, 0.804971478131
3,2,-1.187095842687
3,3,-1.056257968512
3,6,-0.101758482610
3,9,-0.076227223061
3,12,-0.040597777278
3,15,-0.053896936496
3,20,-0.031955330638
3,26,-0.026770492075
3,30,-0.406180784756
3,31,-0.770411392686
3,32,-1.042539062644
3,35, 0.118889321506
3,38, 0.355651344097
3,41,-0.110008629407
4,4,-1.930887965822
4,7,-0.926090978851
4,10,-0.365371343143
4,16,-0.086345210813
4,21,-0.044320415916
4,27,-0.031381330064
4,33,-0.458249290848
4,36,-1.081841923665
4,42, 0.548970556557
5,5,-1.930887965822
5,8,-0.926090978851
5,11,-0.365371343143
5,14,-0.086345210813
5,19,-0.044320415916
5,25,-0.031381330064
5,34,-0.458249290848
5,37,-1.081841923665
5,40, 0.548970556557
6,0,-0.057439447245
6,1, 0.083628313414
6,2,-0.159331733803
6,3,-0.101758482610
6,6,-2.077493215264
6,9,-0.994036302637
6,12,-0.390236272903
6,15,-0.189728653451
6,20,-0.089229761958
6,26,-0.085711628414
6,30,-1.301651675144
6,31,-1.502483201950
6,32,-0.864328699805
6,35, 0.509759608394
6,38, 0.356738620107
6,41,-0.224507601833
7,4,-0.926090978851
7,7,-0.985688836292
7,10,-0.606817135953
7,16,-0.055815204735
7,21,-0.047295530107
7,27,-0.022352416184
7,33,-0.175009369465
7,36,-0.507174991362
7,42, 0.094331250180
8,5,-0.926090978851
8,8,-0.985688836292
8,11,-0.606817135953
8,14,-0.055815204735
8,19,-0.047295530107
8,25,-0.022352416184
8,34,-0.175009369465
8,37,-0.507174991362
8,40, 0.094331250180
9,0,-0.014133131214
9,1, 0.022701598557
9,2,-0.092038630551
9,3,-0.076227223061
9,6,-0.994036302637
9,9,-1.032776563053
9,12,-0.628436329532
9,15,-0.109971769703
9,20,-0.079571382633
9,26,-0.052340815560
9,30,-0.501343442247
9,31,-0.732529841356
9,32,-0.663783791536
9,35,-0.019526187069
9,38,-0.181271065083
9,41, 0.016465071329
10,4,-0.365371343143
10,7,-0.606817135953
10,10,-0.604728601171
10,16,-0.022994093692
10,21,-0.026053438403
10,27,-0.009434301882
10,33,-0.059319429481
10,36,-0.189291429594
10,42, 0.023499843967
11,5,-0.365371343143
11,8,-0.606817135953
11,11,-0.604728601171
11,14,-0.022994093692
11,19,-0.026053438403
11,25,-0.009434301882
11,34,-0.059319429481
11,37,-0.189291429594
11,40, 0.023499843967
12,0,-0.004470993261
12,1, 0.007279727256
12,2,-0.038893551039
12,3,-0.040597777278
12,6,-0.390236272903
12,9,-0.628436329532
12,12,-0.617366149920
12,15,-0.043381411696
12,20,-0.040759607860
12,26,-0.020874060369
12,30,-0.170138895329
12,31,-0.277492965263
12,32,-0.325203070676
12,35,-0.021544840300
12,38,-0.107061843300
12,41, 0.002887706085
13,13,-1.413800278786
13,18,-0.887758918531
13,24,-0.056610158331
13,39,-0.350309461852
14,5,-0.086345210813
14,8,-0.055815204735
14,11,-0.022994093692
14,14,-1.467011440319
14,19,-0.916650391676
14,25,-0.098819571056
14,34,-0.634623308766
14,37,-1.077580138340
14,40, 0.203937850500
15,0,-0.014950283186
15,1, 0.025613255176
15,2,-0.081787353322
15,3,-0.053896936496
15,6,-0.189728653451
15,9,-0.109971769703
15,12,-0.043381411696
15,15,-1.550565516977
15,20,-0.954918773925
15,26,-0.151992470041
15,30,-1.056222770010
15,31,-0.880427336604
15,32,-0.348210905857
15,35,-0.130552599173
15,38,-0.535018779299
15,41, 0.047788089746
16,4,-0.086345210813
16,7,-0.055815204735
16,10,-0.022994093692
16,16,-1.467011440319
16,21,-0.916650391676
16,27,-0.098819571056
16,33,-0.634623308766
16,36,-1.077580138340
16,42, 0.203937850500
17,17,-1.413800278786
17,22,-0.887758918531
17,28,-0.056610158331
17,43,-0.350309461852
18,13,-0.887758918531
18,18,-0.944647051753
18,24,-0.040111129599
18,39,-0.140817749555
19,5,-0.044320415916
19,8,-0.047295530107
19,11,-0.026053438403
19,14,-0.916650391676
19,19,-0.967092958825
19,25,-0.066220074388
19,34,-0.244120706251
19,37,-0.554396874452
19,40,-0.007074545981
20,0,-0.004828872340
20,1, 0.008508727494
20,2,-0.041075914512
20,3,-0.031955330638
20,6,-0.089229761958
20,9,-0.079571382633
20,12,-0.040759607860
20,15,-0.954918773925
20,20,-0.989490643206
20,26,-0.092371999352
20,30,-0.405874298124
20,31,-0.459752284332
20,32,-0.274357239136
20,35,-0.145689081721
20,38,-0.418759036580
20,41,-0.026575641061
21,4,-0.044320415916
21,7,-0.047295530107
21,10,-0.026053438403
21,16,-0.916650391676
21,21,-0.967092958825
21,27,-0.066220074388
21,33,-0.244120706251
21,36,-0.554396874452
21,42,-0.007074545981
22,17,-0.887758918531
22,22,-0.944647051753
22,28,-0.040111129599
22,43,-0.140817749555
23,23,-1.207801778308
24,13,-0.056610158331
24,18,-0.040111129599
24,24,-1.234251507605
24,39,-0.462719609337
25,5,-0.031381330064
25,8,-0.022352416184
25,11,-0.009434301882
25,14,-0.098819571056
25,19,-0.066220074388
25,25,-1.266698546125
25,34,-0.559286233463
25,37,-0.723778753677
25,40,-0.149252875396
26,0,-0.005611443312
26,1, 0.010187327795
26,2,-0.039923779085
26,3,-0.026770492075
26,6,-0.085711628414
26,9,-0.052340815560
26,12,-0.020874060369
26,15,-0.151992470041
26,20,-0.092371999352
26,26,-1.302741970538
26,30,-0.667192672463
26,31,-0.430235968801
26,32,-0.135183979889
26,35,-0.330250314613
26,38,-0.564026693874
26,41,-0.177593915033
27,4,-0.031381330064
27,7,-0.022352416184
27,10,-0.009434301882
27,16,-0.098819571056
27,21,-0.066220074388
27,27,-1.266698546125
27,33,-0.559286233463
27,36,-0.723778753677
27,42,-0.149252875396
28,17,-0.056610158331
28,22,-0.040111129599
28,28,-1.234251507605
28,43,-0.462719609337
29,29,-1.207801778308
30,0,-0.377792051247
30,1, 0.511135327558
30,2,-0.697660155933
30,3,-0.406180784756
30,6,-1.301651675144
30,9,-0.501343442247
30,12,-0.170138895329
30,15,-1.056222770010
30,20,-0.405874298124
30,26,-0.667192672463
30,30,-3.657596451573
30,31,-2.152010047355
30,32,-1.091360946806
30,35, 0.332581729802
30,38, 0.225226214353
30,41,-0.132141313866
31,0,-1.293673135041
31,1, 1.432916157341
31,2,-1.262323561022
31,3,-0.770411392686
31,6,-1.502483201950
31,9,-0.732529841356
31,12,-0.277492965263
31,15,-0.880427336604
31,20,-0.459752284332
31,26,-0.430235968801
31,30,-2.152010047355
31,31,-2.415821563925
31,32,-1.714159836739
31,35, 0.375227431517
31,38, 0.590348215359
31,41,-0.287789371411
32,0,-1.242468038815
32,1, 1.373863337859
32,2,-1.488956928230
32,3,-1.042539062644
32,6,-0.864328699805
32,9,-0.663783791536
32,12,-0.325203070676
32,15,-0.348210905857
32,20,-0.274357239136
32,26,-0.135183979889
32,30,-1.091360946806
32,31,-1.714159836739
32,32,-1.727299690148
32,35, 0.221592494890
32,38, 0.522395697697
32,41,-0.210729490468
33,4,-0.458249290848
33,7,-0.175009369465
33,10,-0.059319429481
33,16,-0.634623308766
33,21,-0.244120706251
33,27,-0.559286233463
33,33,-2.735288397479
33,36,-1.500316195570
33,42, 0.271795352214
34,5,-0.458249290848
34,8,-0.175009369465
34,11,-0.059319429481
34,14,-0.634623308766
34,19,-0.244120706251
34,25,-0.559286233463
34,34,-2.735288397479
34,37,-1.500316195570
34,40, 0.271795352214
35,0, 0.677780416810
35,1,-0.794810553336
35,2, 0.285943066501
35,3, 0.118889321506
35,6, 0.509759608394
35,9,-0.019526187069
35,12,-0.021544840300
35,15,-0.130552599173
35,20,-0.145689081721
35,26,-0.330250314613
35,30, 0.332581729802
35,31, 0.375227431517
35,32, 0.221592494890
35,35,-2.954144184234
35,38,-1.707435007076
35,41, 0.463761946296
36,4,-1.081841923665
36,7,-0.507174991362
36,10,-0.189291429594
36,16,-1.077580138340
36,21,-0.554396874452
36,27,-0.723778753677
36,33,-1.500316195570
36,36,-1.951768275509
36,42, 0.304818538057
37,5,-1.081841923665
37,8,-0.507174991362
37,11,-0.189291429594
37,14,-1.077580138340
37,19,-0.554396874452
37,25,-0.723778753677
37,34,-1.500316195570
37,37,-1.951768275509
37,40, 0.304818538057
38,0, 2.344764537773
38,1,-2.413515087245
38,2, 0.810956436881
38,3, 0.355651344097
38,6, 0.356738620107
38,9,-0.181271065083
38,12,-0.107061843300
38,15,-0.535018779299
38,20,-0.418759036580
38,26,-0.564026693874
38,30, 0.225226214353
38,31, 0.590348215359
38,32, 0.522395697697
38,35,-1.707435007076
38,38,-2.490264710905
38,41, 0.637856116388
39,13,-0.350309461852
39,18,-0.140817749555
39,24,-0.462719609337
39,39,-2.245344979718
40,5, 0.548970556557
40,8, 0.094331250180
40,11, 0.023499843967
40,14, 0.203937850500
40,19,-0.007074545981
40,25,-0.149252875396
40,34, 0.271795352214
40,37, 0.304818538057
40,40,-2.445585411267
41,0,-1.579866379022
41,1, 1.543453198925
41,2,-0.246655924324
41,3,-0.110008629407
41,6,-0.224507601833
41,9, 0.016465071329
41,12, 0.002887706085
41,15, 0.047788089746
41,20,-0.026575641061
41,26,-0.177593915033
41,30,-0.132141313866
41,31,-0.287789371411
41,32,-0.210729490468
41,35, 0.463761946296
41,38, 0.637856116388
41,41,-2.711392971469
42,4, 0.548970556557
42,7, 0.094331250180
42,10, 0.023499843967
42,16, 0.203937850500
42,21,-0.007074545981
42,27,-0.149252875396
42,33, 0.271795352214
42,36, 0.304818538057
42,42,-2.445585411267
43,17,-0.350309461852
43,22,-0.140817749555
43,28,-0.462719609337
43,43,-2.245344979718
