0,0,-8.448359273868
0,1, 7.365923204144
0,2,-1.393519667367
0,3,-0.699042508571
0,6,-0.033655303986
0,9,-0.008971656441
0,12,-0.002896614682
0,15,-0.008254721897
0,20,-0.002964829449
0,26,-0.003259905576
0,30,-0.062931703675
0,31,-0.536027582400
0,32,-0.894201380427
0,35, 0.107637011812
0,38, 1.130082626446
0,41,-0.322231988812
1,0, 7.365923204144
1,1,-6.631504326646
1,2, 1.528511999489
1,3, 0.779517561124
1,6, 0.050362800620
1,9, 0.015014073599
1,12, 0.004927766750
1,15, 0.014972906945
1,20, 0.005566684816
1,26, 0.006365959328
1,30, 0.107235024751
1,31, 0.623836453629
1,32, 0.992091945010
1,35,-0.169063280159
1,38,-1.237256507935
1,41, 0.393298523575
2,0,-1.393519667367
2,1, 1.528511999489
2,2,-1.635877895412
2,3,-1.163316613968
2,6,-0.139187295578
2,9,-0.099391002226
2,12,-0.044433884453
2,15,-0.088285660215
2,20,-0.054153383091
2,26,-0.054868256112
2,30,-0.480278756702
2,31,-0.916472409862
2,32,-1.238268101386
2,35, 0.187821867726
2,38, 0.666405099809
2,41,-0.132763199119
3,0,-0.699042508571
3,1, 0.779517561124
3,2,-1.163316613968
3,3,-1.043086038930
3,6,-0.094937841243
3,9,-0.088754454584
3,12,-0.050203951813
3,15,-0.063311516396
3,20,-0.046263751617
3,26,-0.040641081994
3,30,-0.320703172386
3,31,-0.621394487794
3,32,-0.920604648957
3,35, 0.076314705978
3,38, 0.296567229382
3,41,-0.054781986809
4,4,-1.873009684462
4,7,-0.903986169308
4,10,-0.357507995755
4,16,-0.078622515080
4,21,-0.044438188113
4,27,-0.033167649595
4,33,-0.215396771707
4,36,-0.638722838398
4,42, 0.282981183634
5,5,-1.873009684462
5,8,-0.903986169308
5,11,-0.357507995755
5,14,-0.078622515080
5,19,-0.044438188113
5,25,-0.033167649595
5,34,-0.215396771707
5,37,-0.638722838398
5,40, 0.282981183634
6,0,-0.033655303986
6,1, 0.050362800620
6,2,-0.139187295578
6,3,-0.094937841243
6,6,-1.994417894731
6,9,-0.978134826914
6,12,-0.386625767156
6,15,-0.185170435249
6,20,-0.101419701450
6,26,-0.103884284239
6,30,-0.853933112897
6,31,-1.238826374585
6,32,-0.880177105796
6,35, 0.422757711840
6,38, 0.798103666874
6,41,-0.278108414967
7,4,-0.903986169308
7,7,-0.972063454104
7,10,-0.600672108148
7,16,-0.057391800130
7,21,-0.054190089447
7,27,-0.028201699065
7,33,-0.127760110413
7,36,-0.394433738922
7,42, 0.071996552486
8,5,-0.903986169308
8,8,-0.972063454104
8,11,-0.600672108148
8,14,-0.057391800130
8,19,-0.054190089447
8,25,-0.028201699065
8,34,-0.127760110413
8,37,-0.394433738922
8,40, 0.071996552486
9,0,-0.008971656441
9,1, 0.015014073599
9,2,-0.099391002226
9,3,-0.088754454584
9,6,-0.978134826914
9,9,-1.039800205544
9,12,-0.634123471086
9,15,-0.130813938771
9,20,-0.107326940841
9,26,-0.080966065623
9,30,-0.509136981465
9,31,-0.789106770217
9,32,-0.776098395140
9,35, 0.029396219597
9,38, 0.023978227274
9,41,-0.003417532252
10,4,-0.357507995755
10,7,-0.600672108148
10,10,-0.601195821521
10,16,-0.024451589856
10,21,-0.031058485745
10,27,-0.012502004131
10,33,-0.048061448957
10,36,-0.160681797998
10,42, 0.017587681793
11,5,-0.357507995755
11,8,-0.600672108148
11,11,-0.601195821521
11,14,-0.024451589856
11,19,-0.031058485745
11,25,-0.012502004131
11,34,-0.048061448957
11,37,-0.160681797998
11,40, 0.017587681793
12,0,-0.002896614682
12,1, 0.004927766750
12,2,-0.044433884453
12,3,-0.050203951813
12,6,-0.386625767156
12,9,-0.634123471086
12,12,-0.622271379348
12,15,-0.053968635080
12,20,-0.056608087715
12,26,-0.034136274495
12,30,-0.191659992655
12,31,-0.325666444379
12,32,-0.403521560800
12,35,-0.011182530094
12,38,-0.053548008451
12,41,-0.000961968071
13,13,-1.379686441539
13,18,-0.870141813377
13,24,-0.056544344785
13,39,-0.187793054913
14,5,-0.078622515080
14,8,-0.057391800130
14,11,-0.024451589856
14,14,-1.436197966562
14,19,-0.905208993912
14,25,-0.106671102828
14,34,-0.450777128968
14,37,-0.914358415761
14,40, 0.311788948552
15,0,-0.008254721897
15,1, 0.014972906945
15,2,-0.088285660215
15,3,-0.063311516396
15,6,-0.185170435249
15,9,-0.130813938771
15,12,-0.053968635080
15,15,-1.545127342699
15,20,-0.966724730888
15,26,-0.192459150861
15,30,-1.039894412692
15,31,-1.026824566170
15,32,-0.463949451002
15,35, 0.189667843890
15,38, 0.019806713875
15,41,-0.009035001460
16,4,-0.078622515080
16,7,-0.057391800130
16,10,-0.024451589856
16,16,-1.436197966562
16,21,-0.905208993912
16,27,-0.106671102828
16,33,-0.450777128968
16,36,-0.914358415761
16,42, 0.311788948552
17,17,-1.379686441539
17,22,-0.870141813377
17,28,-0.056544344785
17,43,-0.187793054913
18,13,-0.870141813377
18,18,-0.931575752422
18,24,-0.043066383234
18,39,-0.098227216161
19,5,-0.044438188113
19,8,-0.054190089447
19,11,-0.031058485745
19,14,-0.905208993912
19,19,-0.963243227128
19,25,-0.078155284661
19,34,-0.229719942415
19,37,-0.567089918848
19,40, 0.047751938068
20,0,-0.002964829449
20,1, 0.005566684816
20,2,-0.054153383091
20,3,-0.046263751617
20,6,-0.101419701450
20,9,-0.107326940841
20,12,-0.056608087715
20,15,-0.966724730888
20,20,-1.007192307973
20,26,-0.129655361954
20,30,-0.530242646620
20,31,-0.648862296150
20,32,-0.420149622081
20,35,-0.069341121447
20,38,-0.261371839679
20,41,-0.000731669800
21,4,-0.044438188113
21,7,-0.054190089447
21,10,-0.031058485745
21,16,-0.905208993912
21,21,-0.963243227128
21,27,-0.078155284661
21,33,-0.229719942415
21,36,-0.567089918848
21,42, 0.047751938068
22,17,-0.870141813377
22,22,-0.931575752422
22,28,-0.043066383234
22,43,-0.098227216161
23,23,-1.183304029983
24,13,-0.056544344785
24,18,-0.043066383234
24,24,-1.214532867281
24,39,-0.345273766809
25,5,-0.033167649595
25,8,-0.028201699065
25,11,-0.012502004131
25,14,-0.106671102828
25,19,-0.078155284661
25,25,-1.260181232224
25,34,-0.552051572888
25,37,-0.844858062884
25,40, 0.120566595684
26,0,-0.003259905576
26,1, 0.006365959328
26,2,-0.054868256112
26,3,-0.040641081994
26,6,-0.103884284239
26,9,-0.080966065623
26,12,-0.034136274495
26,15,-0.192459150861
26,20,-0.129655361954
26,26,-1.332705754963
26,30,-0.909550453725
26,31,-0.683359381685
26,32,-0.232615223343
26,35,-0.083730251678
26,38,-0.357805557688
26,41,-0.038205705532
27,4,-0.033167649595
27,7,-0.028201699065
27,10,-0.012502004131
27,16,-0.106671102828
27,21,-0.078155284661
27,27,-1.260181232224
27,33,-0.552051572888
27,36,-0.844858062884
27,42, 0.120566595684
28,17,-0.056544344785
28,22,-0.043066383234
28,28,-1.214532867281
28,43,-0.345273766809
29,29,-1.183304029983
30,0,-0.062931703675
30,1, 0.107235024751
30,2,-0.480278756702
30,3,-0.320703172386
30,6,-0.853933112897
30,9,-0.509136981465
30,12,-0.191659992655
30,15,-1.039894412692
30,20,-0.530242646620
30,26,-0.909550453725
30,30,-3.256276010178
30,31,-1.869357462625
30,32,-0.942528583539
30,35, 0.182387481834
30,38, 0.124529002731
30,41,-0.053918052038
31,0,-0.536027582400
31,1, 0.623836453629
31,2,-0.916472409862
31,3,-0.621394487794
31,6,-1.238826374585
31,9,-0.789106770217
31,12,-0.325666444379
31,15,-1.026824566170
31,20,-0.648862296150
31,26,-0.683359381685
31,30,-1.869357462625
31,31,-2.052700869288
31,32,-1.472178291832
31,35, 0.206662412037
31,38, 0.371489767806
31,41,-0.124643166224
32,0,-0.894201380427
32,1, 0.992091945010
32,2,-1.238268101386
32,3,-0.920604648957
32,6,-0.880177105796
32,9,-0.776098395140
32,12,-0.403521560800
32,15,-0.463949451002
32,20,-0.420149622081
32,26,-0.232615223343
32,30,-0.942528583539
32,31,-1.472178291832
32,32,-1.549825882349
32,35, 0.122695989918
32,38, 0.374248859325
32,41,-0.096569466746
33,4,-0.215396771707
33,7,-0.127760110413
33,10,-0.048061448957
33,16,-0.450777128968
33,21,-0.229719942415
33,27,-0.552051572888
33,33,-2.377301819190
33,36,-1.295289658526
33,42, 0.162001407345
34,5,-0.215396771707
34,8,-0.127760110413
34,11,-0.048061448957
34,14,-0.450777128968
34,19,-0.229719942415
34,25,-0.552051572888
34,34,-2.377301819190
34,37,-1.295289658526
34,40, 0.162001407345
35,0, 0.107637011812
35,1,-0.169063280159
35,2, 0.187821867726
35,3, 0.076314705978
35,6, 0.422757711840
35,9, 0.029396219597
35,12,-0.011182530094
35,15, 0.189667843890
35,20,-0.069341121447
35,26,-0.083730251678
35,30, 0.182387481834
35,31, 0.206662412037
35,32, 0.122695989918
35,35,-2.466218742001
35,38,-1.380992340274
35,41, 0.232572327017
36,4,-0.638722838398
36,7,-0.394433738922
36,10,-0.160681797998
36,16,-0.914358415761
36,21,-0.567089918848
36,27,-0.844858062884
36,33,-1.295289658526
36,36,-1.700445025339
36,42, 0.195222571452
37,5,-0.638722838398
37,8,-0.394433738922
37,11,-0.160681797998
37,14,-0.914358415761
37,19,-0.567089918848
37,25,-0.844858062884
37,34,-1.295289658526
37,37,-1.700445025339
37,40, 0.195222571452
38,0, 1.130082626446
38,1,-1.237256507935
38,2, 0.666405099809
38,3, 0.296567229382
38,6, 0.798103666874
38,9, 0.023978227274
38,12,-0.053548008451
38,15, 0.019806713875
38,20,-0.261371839679
38,26,-0.357805557688
38,30, 0.124529002731
38,31, 0.371489767806
38,32, 0.374248859325
38,35,-1.380992340274
38,38,-2.003956843093
38,41, 0.325233637085
39,13,-0.187793054913
39,18,-0.098227216161
39,24,-0.345273766809
39,39,-1.945206339149
40,5, 0.282981183634
40,8, 0.071996552486
40,11, 0.017587681793
40,14, 0.311788948552
40,19, 0.047751938068
40,25, 0.120566595684
40,34, 0.162001407345
40,37, 0.195222571452
40,40,-2.043175304629
41,0,-0.322231988812
41,1, 0.393298523575
41,2,-0.132763199119
41,3,-0.054781986809
41,6,-0.278108414967
41,9,-0.003417532252
41,12,-0.000961968071
41,15,-0.009035001460
41,20,-0.000731669800
41,26,-0.038205705532
41,30,-0.053918052038
41,31,-0.124643166224
41,32,-0.096569466746
41,35, 0.232572327017
41,38, 0.325233637085
41,41,-2.123379798290
42,4, 0.282981183634
42,7, 0.071996552486
42,10, 0.017587681793
42,16, 0.311788948552
42,21, 0.047751938068
42,27, 0.120566595684
42,33, 0.162001407345
42,36, 0.195222571452
42,42,-2.043175304629
43,17,-0.187793054913
43,22,-0.098227216161
43,28,-0.345273766809
43,43,-1.945206339149
