0,0,-8.706557512507
0,1, 7.617384626394
0,2,-1.465955806956
0,3,-0.735825898891
0,6,-0.079171946254
0,9,-0.017888464038
0,12,-0.005570712744
0,15,-0.019160857216
0,20,-0.005760602873
0,26,-0.006398910365
0,30,-0.953591235762
0,31,-1.912899829564
0,32,-1.445670620398
0,35, 1.705011111849
0,38, 2.967787813864
0,41,-2.922873652134
1,0, 7.617384626394
1,1,-6.886687797154
1,2, 1.617005439471
1,3, 0.824980326094
1,6, 0.110753141337
1,9, 0.027351501950
1,12, 0.008621637178
1,15, 0.030688001000
1,20, 0.009467991663
1,26, 0.010719245125
1,30, 1.136655815777
1,31, 2.073665322815
1,32, 1.595270374098
1,35,-1.741943692023
1,38,-2.978124847305
1,41, 2.644109317189
2,0,-1.465955806956
2,1, 1.617005439471
2,2,-1.701220505458
2,3,-1.198701563175
2,6,-0.159915526457
2,9,-0.081754547700
2,12,-0.033666157230
2,15,-0.066940372155
2,20,-0.030636073346
2,26,-0.026859360043
2,30,-0.861050668126
2,31,-1.465357122932
2,32,-1.612694661883
2,35, 0.377030424255
2,38, 0.829785749440
2,41,-0.326178393875
3,0,-0.735825898891
3,1, 0.824980326094
3,2,-1.198701563175
3,3,-1.062334300040
3,6,-0.098616194942
3,9,-0.065418668391
3,12,-0.033919551154
3,15,-0.042387628617
3,20,-0.022852919995
3,26,-0.017213234102
3,30,-0.473011652870
3,31,-0.857235779356
3,32,-1.101260421291
3,35, 0.161970221242
3,38, 0.363827596554
3,41,-0.149363660130
4,4,-1.966858202853
4,7,-0.938052922729
4,10,-0.369506146941
4,16,-0.084463561920
4,21,-0.041123201220
4,27,-0.026372931505
4,33,-0.687607557819
4,36,-1.374456326573
4,42, 0.738260897730
5,5,-1.966858202853
5,8,-0.938052922729
5,11,-0.369506146941
5,14,-0.084463561920
5,19,-0.041123201220
5,25,-0.026372931505
5,34,-0.687607557819
5,37,-1.374456326573
5,40, 0.738260897730
6,0,-0.079171946254
6,1, 0.110753141337
6,2,-0.159915526457
6,3,-0.098616194942
6,6,-2.111429594605
6,9,-0.994613735297
6,12,-0.389496397795
6,15,-0.168387741282
6,20,-0.074286508765
6,26,-0.062871190104
6,30,-1.535665805435
6,31,-1.514129355551
6,32,-0.792207817362
6,35, 0.427882181106
6,38,-0.146892284742
6,41,-0.009319972922
7,4,-0.938052922729
7,7,-0.992140316039
7,10,-0.609641409451
7,16,-0.050892472980
7,21,-0.040926429882
7,27,-0.017058500048
7,33,-0.208008653611
7,36,-0.569803927813
7,42, 0.105842803371
8,5,-0.938052922729
8,8,-0.992140316039
8,11,-0.609641409451
8,14,-0.050892472980
8,19,-0.040926429882
8,25,-0.017058500048
8,34,-0.208008653611
8,37,-0.569803927813
8,40, 0.105842803371
9,0,-0.017888464038
9,1, 0.027351501950
9,2,-0.081754547700
9,3,-0.065418668391
9,6,-0.994613735297
9,9,-1.025911268209
9,12,-0.624654694862
9,15,-0.088957551409
9,20,-0.062157116530
9,26,-0.034348774612
9,30,-0.469508724041
9,31,-0.652702006876
9,32,-0.568040246186
9,35,-0.062155903408
9,38,-0.320651856022
9,41, 0.039526655011
10,4,-0.369506146941
10,7,-0.609641409451
10,10,-0.606302504456
10,16,-0.020619561482
10,21,-0.022136774447
10,27,-0.007035147226
10,33,-0.067457390304
10,36,-0.205074675960
10,42, 0.026866203826
11,5,-0.369506146941
11,8,-0.609641409451
11,11,-0.606302504456
11,14,-0.020619561482
11,19,-0.022136774447
11,25,-0.007035147226
11,34,-0.067457390304
11,37,-0.205074675960
11,40, 0.026866203826
12,0,-0.005570712744
12,1, 0.008621637178
12,2,-0.033666157230
12,3,-0.033919551154
12,6,-0.389496397795
12,9,-0.624654694862
12,12,-0.614796001461
12,15,-0.034596073764
12,20,-0.031712755355
12,26,-0.013458180183
12,30,-0.152501372326
12,31,-0.238597136956
12,32,-0.271372849209
12,35,-0.030966904390
12,38,-0.142329368435
12,41, 0.008817885555
13,13,-1.432109151352
13,18,-0.896712979387
13,24,-0.052507698300
13,39,-0.466671803172
14,5,-0.084463561920
14,8,-0.050892472980
14,11,-0.020619561482
14,14,-1.476317102384
14,19,-0.919174913001
14,25,-0.085375317937
14,34,-0.688933379862
14,37,-1.060940270201
14,40, 0.036956173265
15,0,-0.019160857216
15,1, 0.030688001000
15,2,-0.066940372155
15,3,-0.042387628617
15,6,-0.168387741282
15,9,-0.088957551409
15,12,-0.034596073764
15,15,-1.531828617279
15,20,-0.942566101177
15,26,-0.116206576862
15,30,-0.906924908600
15,31,-0.691081064677
15,32,-0.258783717765
15,35,-0.342379719669
15,38,-0.768952978803
15,41,-0.013875396347
16,4,-0.084463561920
16,7,-0.050892472980
16,10,-0.020619561482
16,16,-1.476317102384
16,21,-0.919174913001
16,27,-0.085375317937
16,33,-0.688933379862
16,36,-1.060940270201
16,42, 0.036956173265
17,17,-1.432109151352
17,22,-0.896712979387
17,28,-0.052507698300
17,43,-0.466671803172
18,13,-0.896712979387
18,18,-0.950892696721
18,24,-0.035846304544
18,39,-0.167908752281
19,5,-0.041123201220
19,8,-0.040926429882
19,11,-0.022136774447
19,14,-0.919174913001
19,19,-0.967152436217
19,25,-0.055295683395
19,34,-0.235306011150
19,37,-0.504517122757
19,40,-0.054167214534
20,0,-0.005760602873
20,1, 0.009467991663
20,2,-0.030636073346
20,3,-0.022852919995
20,6,-0.074286508765
20,9,-0.062157116530
20,12,-0.031712755355
20,15,-0.942566101177
20,20,-0.979977732617
20,26,-0.069660200981
20,30,-0.309196287668
20,31,-0.332746743756
20,32,-0.191280813217
20,35,-0.175548512801
20,38,-0.449008428636
20,41,-0.057342564608
21,4,-0.041123201220
21,7,-0.040926429882
21,10,-0.022136774447
21,16,-0.919174913001
21,21,-0.967152436217
21,27,-0.055295683395
21,33,-0.235306011150
21,36,-0.504517122757
21,42,-0.054167214534
22,17,-0.896712979387
22,22,-0.950892696721
22,28,-0.035846304544
22,43,-0.167908752281
23,23,-1.220426247317
24,13,-0.052507698300
24,18,-0.035846304544
24,24,-1.241326493594
24,39,-0.486605593328
25,5,-0.026372931505
25,8,-0.017058500048
25,11,-0.007035147226
25,14,-0.085375317937
25,19,-0.055295683395
25,25,-1.263415205358
25,34,-0.479203915955
25,37,-0.567890607166
25,40,-0.307022844511
26,0,-0.006398910365
26,1, 0.010719245125
26,2,-0.026859360043
26,3,-0.017213234102
26,6,-0.062871190104
26,9,-0.034348774612
26,12,-0.013458180183
26,15,-0.116206576862
26,20,-0.069660200981
26,26,-1.281552783376
26,30,-0.453696326049
26,31,-0.270456068771
26,32,-0.082379914847
26,35,-0.379735957336
26,38,-0.530829119039
26,41,-0.301378696793
27,4,-0.026372931505
27,7,-0.017058500048
27,10,-0.007035147226
27,16,-0.085375317937
27,21,-0.055295683395
27,27,-1.263415205358
27,33,-0.479203915955
27,36,-0.567890607166
27,42,-0.307022844511
28,17,-0.052507698300
28,22,-0.035846304544
28,28,-1.241326493594
28,43,-0.486605593328
29,29,-1.220426247317
30,0,-0.953591235762
30,1, 1.136655815777
30,2,-0.861050668126
30,3,-0.473011652870
30,6,-1.535665805435
30,9,-0.469508724041
30,12,-0.152501372326
30,15,-0.906924908600
30,20,-0.309196287668
30,26,-0.453696326049
30,30,-4.033221932708
30,31,-2.410015877495
30,32,-1.224405700107
30,35, 0.511619915163
30,38, 0.331892969492
30,41,-0.241442464544
31,0,-1.912899829564
31,1, 2.073665322815
31,2,-1.465357122932
31,3,-0.857235779356
31,6,-1.514129355551
31,9,-0.652702006876
31,12,-0.238597136956
31,15,-0.691081064677
31,20,-0.332746743756
31,26,-0.270456068771
31,30,-2.410015877495
31,31,-2.689818332447
31,32,-1.874186940844
31,35, 0.560881859080
31,38, 0.722930368809
31,41,-0.448753603671
32,0,-1.445670620398
32,1, 1.595270374098
32,2,-1.612694661883
32,3,-1.101260421291
32,6,-0.792207817362
32,9,-0.568040246186
32,12,-0.271372849209
32,15,-0.258783717765
32,20,-0.191280813217
32,26,-0.082379914847
32,30,-1.224405700107
32,31,-1.874186940844
32,32,-1.824129026930
32,35, 0.324807596334
32,38, 0.579013705094
32,41,-0.302997735197
33,4,-0.687607557819
33,7,-0.208008653611
33,10,-0.067457390304
33,16,-0.688933379862
33,21,-0.235306011150
33,27,-0.479203915955
33,33,-3.044628080599
33,36,-1.667720580741
33,42, 0.376652473167
34,5,-0.687607557819
34,8,-0.208008653611
34,11,-0.067457390304
34,14,-0.688933379862
34,19,-0.235306011150
34,25,-0.479203915955
34,34,-3.044628080599
34,37,-1.667720580741
34,40, 0.376652473167
35,0, 1.705011111849
35,1,-1.741943692023
35,2, 0.377030424255
35,3, 0.161970221242
35,6, 0.427882181106
35,9,-0.062155903408
35,12,-0.030966904390
35,15,-0.342379719669
35,20,-0.175548512801
35,26,-0.379735957336
35,30, 0.511619915163
35,31, 0.560881859080
35,32, 0.324807596334
35,35,-3.458415510170
35,38,-2.025040664630
35,41, 0.760511629794
36,4,-1.374456326573
36,7,-0.569803927813
36,10,-0.205074675960
36,16,-1.060940270201
36,21,-0.504517122757
36,27,-0.567890607166
36,33,-1.667720580741
36,36,-2.122566615600
36,42, 0.386440783645
37,5,-1.374456326573
37,8,-0.569803927813
37,11,-0.205074675960
37,14,-1.060940270201
37,19,-0.504517122757
37,25,-0.567890607166
37,34,-1.667720580741
37,37,-2.122566615600
37,40, 0.386440783645
38,0, 2.967787813864
38,1,-2.978124847305
38,2, 0.829785749440
38,3, 0.363827596554
38,6,-0.146892284742
38,9,-0.320651856022
38,12,-0.142329368435
38,15,-0.768952978803
38,20,-0.449008428636
38,26,-0.530829119039
38,30, 0.331892969492
38,31, 0.722930368809
38,32, 0.579013705094
38,35,-2.025040664630
38,38,-2.761122834093
38,41, 0.905208394462
39,13,-0.466671803172
39,18,-0.167908752281
39,24,-0.486605593328
39,39,-2.478594646433
40,5, 0.738260897730
40,8, 0.105842803371
40,11, 0.026866203826
40,14, 0.036956173265
40,19,-0.054167214534
40,25,-0.307022844511
40,34, 0.376652473167
40,37, 0.386440783645
40,40,-2.776086673695
41,0,-2.922873652134
41,1, 2.644109317189
41,2,-0.326178393875
41,3,-0.149363660130
41,6,-0.009319972922
41,9, 0.039526655011
41,12, 0.008817885555
41,15,-0.013875396347
41,20,-0.057342564608
41,26,-0.301378696793
41,30,-0.241442464544
41,31,-0.448753603671
41,32,-0.302997735197
41,35, 0.760511629794
41,38, 0.905208394462
41,41,-3.302751831016
42,4, 0.738260897730
42,7, 0.105842803371
42,10, 0.026866203826
42,16, 0.036956173265
42,21,-0.054167214534
42,27,-0.307022844511
42,33, 0.376652473167
42,36, 0.386440783645
42,42,-2.776086673695
43,17,-0.466671803172
43,22,-0.167908752281
43,28,-0.486605593328
43,43,-2.478594646433
