0,0,-8.323094183462
0,1, 7.243417945339
0,2,-1.355004708737
0,3,-0.679120613586
0,6,-0.015364068323
0,9,-0.004209897188
0,12,-0.001374561886
0,15,-0.002707769116
0,20,-0.001041635275
0,26,-0.000839772958
0,30,-0.001721452075
0,31,-0.056080454718
0,32,-0.386618635596
0,35, 0.003177821925
0,38, 0.121505700054
0,41,-0.009964146206
1,0, 7.243417945339
1,1,-6.506254007113
1,2, 1.478758863831
1,3, 0.753255014824
1,6, 0.023107793829
1,9, 0.007124118291
1,12, 0.002369572648
1,15, 0.004983001654
1,20, 0.001996632836
1,26, 0.001676946819
1,30, 0.003618333055
1,31, 0.075226930338
1,32, 0.434442756290
1,35,-0.006662933721
1,38,-0.160138014606
1,41, 0.019071380279
2,0,-1.355004708737
2,1, 1.478758863831
2,2,-1.559904635860
2,3,-1.116414831210
2,6,-0.086696112124
2,9,-0.085953498323
2,12,-0.043502233876
2,15,-0.057523249712
2,20,-0.053283867139
2,26,-0.043176060666
2,30,-0.222816629241
2,31,-0.438338604908
2,32,-0.762565907269
2,35, 0.096205503104
2,38, 0.360158392602
2,41,-0.054759455943
3,0,-0.679120613586
3,1, 0.753255014824
3,2,-1.116414831210
3,3,-1.013503823153
3,6,-0.065574680359
3,9,-0.090797725291
3,12,-0.059430687617
3,15,-0.048607195236
3,20,-0.056672500736
3,26,-0.039787449360
3,30,-0.215202349146
3,31,-0.402673345325
3,32,-0.672548067155
3,35, 0.045884123275
3,38, 0.183654261720
3,41,-0.019938519055
4,4,-1.792426452689
4,7,-0.866698250093
4,10,-0.343532236575
4,16,-0.053622981009
4,21,-0.035006489013
4,27,-0.023039324180
4,33,-0.045653434366
4,36,-0.179134647988
4,42, 0.070951012422
5,5,-1.792426452689
5,8,-0.866698250093
5,11,-0.343532236575
5,14,-0.053622981009
5,19,-0.035006489013
5,25,-0.023039324180
5,34,-0.045653434366
5,37,-0.179134647988
5,40, 0.070951012422
6,0,-0.015364068323
6,1, 0.023107793829
6,2,-0.086696112124
6,3,-0.065574680359
6,6,-1.851363879356
6,9,-0.919756093868
6,12,-0.367458224082
6,15,-0.110177562776
6,20,-0.079988728244
6,26,-0.066931137535
6,30,-0.279854259209
6,31,-0.552730248820
6,32,-0.653075681772
6,35, 0.190977445440
6,38, 0.603054936521
6,41,-0.143188881907
7,4,-0.866698250093
7,7,-0.943141309799
7,10,-0.586715075086
7,16,-0.046467743825
7,21,-0.054134995380
7,27,-0.026150325274
7,33,-0.067622937082
7,36,-0.219128598282
7,42, 0.042188221642
8,5,-0.866698250093
8,8,-0.943141309799
8,11,-0.586715075086
8,14,-0.046467743825
8,19,-0.054134995380
8,25,-0.026150325274
8,34,-0.067622937082
8,37,-0.219128598282
8,40, 0.042188221642
9,0,-0.004209897188
9,1, 0.007124118291
9,2,-0.085953498323
9,3,-0.090797725291
9,6,-0.919756093868
9,9,-1.024846625313
9,12,-0.634989488286
9,15,-0.107962055506
9,20,-0.127442530210
9,26,-0.083969418027
9,30,-0.416916581042
9,31,-0.679714945996
9,32,-0.788461854829
9,35, 0.072981209385
9,38, 0.216323067809
9,41,-0.016610527806
10,4,-0.343532236575
10,7,-0.586715075086
10,10,-0.592552954169
10,16,-0.021034399997
10,21,-0.033870926250
10,27,-0.012813155282
10,33,-0.033713901273
10,36,-0.114027866061
10,42, 0.011152051594
11,5,-0.343532236575
11,8,-0.586715075086
11,11,-0.592552954169
11,14,-0.021034399997
11,19,-0.033870926250
11,25,-0.012813155282
11,34,-0.033713901273
11,37,-0.114027866061
11,40, 0.011152051594
12,0,-0.001374561886
12,1, 0.002369572648
12,2,-0.043502233876
12,3,-0.059430687617
12,6,-0.367458224082
12,9,-0.634989488286
12,12,-0.629393141973
12,15,-0.049895749510
12,20,-0.075891474794
12,26,-0.041318616306
12,30,-0.207930352758
12,31,-0.356735185688
12,32,-0.483097632379
12,35, 0.001765125550
12,38, 0.009520854421
12,41,-0.001052358574
13,13,-1.322625288149
13,18,-0.837659948732
13,24,-0.044395179935
13,39,-0.040578443395
14,5,-0.053622981009
14,8,-0.046467743825
14,11,-0.021034399997
14,14,-1.361149637457
14,19,-0.867823173956
14,25,-0.082459243563
14,34,-0.139543083647
14,37,-0.404578531731
14,40, 0.177810301291
15,0,-0.002707769116
15,1, 0.004983001654
15,2,-0.057523249712
15,3,-0.048607195236
15,6,-0.110177562776
15,9,-0.107962055506
15,12,-0.049895749510
15,15,-1.425824961363
15,20,-0.925699021362
15,26,-0.145525832853
15,30,-0.494681056377
15,31,-0.702675807049
15,32,-0.470227680268
15,35, 0.283943989203
15,38, 0.547742768772
15,41,-0.154364706253
16,4,-0.053622981009
16,7,-0.046467743825
16,10,-0.021034399997
16,16,-1.361149637457
16,21,-0.867823173956
16,27,-0.082459243563
16,33,-0.139543083647
16,36,-0.404578531731
16,42, 0.177810301291
17,17,-1.322625288149
17,22,-0.837659948732
17,28,-0.044395179935
17,43,-0.040578443395
18,13,-0.837659948732
18,18,-0.904291842696
18,24,-0.038201733383
18,39,-0.043535223965
19,5,-0.035006489013
19,8,-0.054134995380
19,11,-0.033870926250
19,14,-0.867823173956
19,19,-0.941455866521
19,25,-0.072963490468
19,34,-0.152675965050
19,37,-0.420388372063
19,40, 0.076411382267
20,0,-0.001041635275
20,1, 0.001996632836
20,2,-0.053283867139
20,3,-0.056672500736
20,6,-0.079988728244
20,9,-0.127442530210
20,12,-0.075891474794
20,15,-0.925699021362
20,20,-1.012336171343
20,26,-0.136578512949
20,30,-0.544648403945
20,31,-0.744187791141
20,32,-0.584722470545
20,35, 0.064681750354
20,38, 0.108081351559
20,41,-0.008303361887
21,4,-0.035006489013
21,7,-0.054134995380
21,10,-0.033870926250
21,16,-0.867823173956
21,21,-0.941455866521
21,27,-0.072963490468
21,33,-0.152675965050
21,36,-0.420388372063
21,42, 0.076411382267
22,17,-0.837659948732
22,22,-0.904291842696
22,28,-0.038201733383
22,43,-0.043535223965
23,23,-1.139078612038
24,13,-0.044395179935
24,18,-0.038201733383
24,24,-1.165295778569
24,39,-0.116552409793
25,5,-0.023039324180
25,8,-0.026150325274
25,11,-0.012813155282
25,14,-0.082459243563
25,19,-0.072963490468
25,25,-1.204861052118
25,34,-0.266277894010
25,37,-0.577827994046
25,40, 0.238922724205
26,0,-0.000839772958
26,1, 0.001676946819
26,2,-0.043176060666
26,3,-0.039787449360
26,6,-0.066931137535
26,9,-0.083969418027
26,12,-0.041318616306
26,15,-0.145525832853
26,20,-0.136578512949
26,26,-1.273590308179
26,30,-0.672014019035
26,31,-0.708157820837
26,32,-0.315077743890
26,35, 0.259447440534
26,38, 0.290095971375
26,41,-0.101765287259
27,4,-0.023039324180
27,7,-0.026150325274
27,10,-0.012813155282
27,16,-0.082459243563
27,21,-0.072963490468
27,27,-1.204861052118
27,33,-0.266277894010
27,36,-0.577827994046
27,42, 0.238922724205
28,17,-0.044395179935
28,22,-0.038201733383
28,28,-1.165295778569
28,43,-0.116552409793
29,29,-1.139078612038
30,0,-0.001721452075
30,1, 0.003618333055
30,2,-0.222816629241
30,3,-0.215202349146
30,6,-0.279854259209
30,9,-0.416916581042
30,12,-0.207930352758
30,15,-0.494681056377
30,20,-0.544648403945
30,26,-0.672014019035
30,30,-2.880468625509
30,31,-1.603934971275
30,32,-0.802166509159
30,35, 0.082313001857
30,38, 0.056206110075
30,41,-0.016347428055
31,0,-0.056080454718
31,1, 0.075226930338
31,2,-0.438338604908
31,3,-0.402673345325
31,6,-0.552730248820
31,9,-0.679714945996
31,12,-0.356735185688
31,15,-0.702675807049
31,20,-0.744187791141
31,26,-0.708157820837
31,30,-1.603934971275
31,31,-1.680071575545
31,32,-1.189337541274
31,35, 0.093271050399
31,38, 0.171126059114
31,41,-0.037863413941
32,0,-0.386618635596
32,1, 0.434442756290
32,2,-0.762565907269
32,3,-0.672548067155
32,6,-0.653075681772
32,9,-0.788461854829
32,12,-0.483097632379
32,15,-0.470227680268
32,20,-0.584722470545
32,26,-0.315077743890
32,30,-0.802166509159
32,31,-1.189337541274
32,32,-1.271061680658
32,35, 0.055380369720
32,38, 0.183399068860
32,41,-0.029487078086
33,4,-0.045653434366
33,7,-0.067622937082
33,10,-0.033713901273
33,16,-0.139543083647
33,21,-0.152675965050
33,27,-0.266277894010
33,33,-2.022147259664
33,36,-1.084106303979
33,42, 0.077016496261
34,5,-0.045653434366
34,8,-0.067622937082
34,11,-0.033713901273
34,14,-0.139543083647
34,19,-0.152675965050
34,25,-0.266277894010
34,34,-2.022147259664
34,37,-1.084106303979
34,40, 0.077016496261
35,0, 0.003177821925
35,1,-0.006662933721
35,2, 0.096205503104
35,3, 0.045884123275
35,6, 0.190977445440
35,9, 0.072981209385
35,12, 0.001765125550
35,15, 0.283943989203
35,20, 0.064681750354
35,26, 0.259447440534
35,30, 0.082313001857
35,31, 0.093271050399
35,32, 0.055380369720
35,35,-2.049105689872
35,38,-1.110094454612
35,41, 0.098200443314
36,4,-0.179134647988
36,7,-0.219128598282
36,10,-0.114027866061
36,16,-0.404578531731
36,21,-0.420388372063
36,27,-0.577827994046
36,33,-1.084106303979
36,36,-1.399310451619
36,42, 0.096716477503
37,5,-0.179134647988
37,8,-0.219128598282
37,11,-0.114027866061
37,14,-0.404578531731
37,19,-0.420388372063
37,25,-0.577827994046
37,34,-1.084106303979
37,37,-1.399310451619
37,40, 0.096716477503
38,0, 0.121505700054
38,1,-0.160138014606
38,2, 0.360158392602
38,3, 0.183654261720
38,6, 0.603054936521
38,9, 0.216323067809
38,12, 0.009520854421
38,15, 0.547742768772
38,20, 0.108081351559
38,26, 0.290095971375
38,30, 0.056206110075
38,31, 0.171126059114
38,32, 0.183399068860
38,35,-1.110094454612
38,38,-1.497044237757
38,41, 0.132129068615
39,13,-0.040578443395
39,18,-0.043535223965
39,24,-0.116552409793
39,39,-1.620861839009
40,5, 0.070951012422
40,8, 0.042188221642
40,11, 0.011152051594
40,14, 0.177810301291
40,19, 0.076411382267
40,25, 0.238922724205
40,34, 0.077016496261
40,37, 0.096716477503
40,40,-1.653956803328
41,0,-0.009964146206
41,1, 0.019071380279
41,2,-0.054759455943
41,3,-0.019938519055
41,6,-0.143188881907
41,9,-0.016610527806
41,12,-0.001052358574
41,15,-0.154364706253
41,20,-0.008303361887
41,26,-0.101765287259
41,30,-0.016347428055
41,31,-0.037863413941
41,32,-0.029487078086
41,35, 0.098200443314
41,38, 0.132129068615
41,41,-1.671498687720
42,4, 0.070951012422
42,7, 0.042188221642
42,10, 0.011152051594
42,16, 0.177810301291
42,21, 0.076411382267
42,27, 0.238922724205
42,33, 0.077016496261
42,36, 0.096716477503
42,42,-1.653956803328
43,17,-0.040578443395
43,22,-0.043535223965
43,28,-0.116552409793
43,43,-1.620861839009
