0,0,-8.509131477284
0,1, 7.425328767388
0,2,-1.411723467298
0,3,-0.708381562365
0,6,-0.044246764106
0,9,-0.011417650335
0,12,-0.003652064894
0,15,-0.011460391192
0,20,-0.003911800263
0,26,-0.004507935107
0,30,-0.164504034249
0,31,-0.879535445210
0,32,-1.074543215258
0,35, 0.288042984150
0,38, 1.740622549089
0,41,-0.791951890809
1,0, 7.425328767388
1,1,-6.692184628254
1,2, 1.551617805825
1,3, 0.791560987048
1,6, 0.065587924228
1,9, 0.018811810309
1,12, 0.006107981783
1,15, 0.020342611329
1,20, 0.007162207867
1,26, 0.008554825305
1,30, 0.249346037196
1,31, 0.995176894329
1,32, 1.189900823500
1,35,-0.387820588293
1,38,-1.839194502954
1,41, 0.847637108189
2,0,-1.411723467298
2,1, 1.551617805825
2,2,-1.658970468436
2,3,-1.176261039989
2,6,-0.151959501624
2,9,-0.097174374645
2,12,-0.042107247857
2,15,-0.088035071929
2,20,-0.048358802168
2,26,-0.048863941759
2,30,-0.585543297121
2,31,-1.094035419352
2,32,-1.374195796541
2,35, 0.231586809596
2,38, 0.753700284671
2,41,-0.183982802128
3,0,-0.708381562365
3,1, 0.791560987048
3,2,-1.176261039989
3,3,-1.050383858710
3,6,-0.100095877251
3,9,-0.083222035343
3,12,-0.045513315612
3,15,-0.060269623392
3,20,-0.039208978771
3,26,-0.034246346864
3,30,-0.361749001361
3,31,-0.698208200425
3,32,-0.987263237932
3,35, 0.094488380055
3,38, 0.331797356649
3,41,-0.079441792374
4,4,-1.902397731339
4,7,-0.915668903951
4,10,-0.361700852504
4,16,-0.083990546331
4,21,-0.045133068022
4,27,-0.033286840993
4,33,-0.322302304468
4,36,-0.856731200373
4,42, 0.406945460019
5,5,-1.902397731339
5,8,-0.915668903951
5,11,-0.361700852504
5,14,-0.083990546331
5,19,-0.045133068022
5,25,-0.033286840993
5,34,-0.322302304468
5,37,-0.856731200373
5,40, 0.406945460019
6,0,-0.044246764106
6,1, 0.065587924228
6,2,-0.151959501624
6,3,-0.100095877251
6,6,-2.040168093500
6,9,-0.988736336767
6,12,-0.389313926008
6,15,-0.193754560095
6,20,-0.097486367519
6,26,-0.098614763380
6,30,-1.084471051956
6,31,-1.406709783326
6,32,-0.888346466962
6,35, 0.485661287737
6,38, 0.636648211964
6,41,-0.285168110214
7,4,-0.915668903951
7,7,-0.979552525401
7,10,-0.604080865685
7,16,-0.057577555420
7,21,-0.051249445593
7,27,-0.025777296806
7,33,-0.151060251578
7,36,-0.453405937123
7,42, 0.083418677374
8,5,-0.915668903951
8,8,-0.979552525401
8,11,-0.604080865685
8,14,-0.057577555420
8,19,-0.051249445593
8,25,-0.025777296806
8,34,-0.151060251578
8,37,-0.453405937123
8,40, 0.083418677374
9,0,-0.011417650335
9,1, 0.018811810309
9,2,-0.097174374645
9,3,-0.083222035343
9,6,-0.988736336767
9,9,-1.037166318356
9,12,-0.631392722047
9,15,-0.122979612577
9,20,-0.093537115750
9,26,-0.067237396908
9,30,-0.511728962221
9,31,-0.772106866507
9,32,-0.726318728156
9,35, 0.006649828914
9,38,-0.075928321478
9,41, 0.004472487075
10,4,-0.361700852504
10,7,-0.604080865685
10,10,-0.603174346556
10,16,-0.024089109474
10,21,-0.028735146025
10,27,-0.011123094933
10,33,-0.053562644473
10,36,-0.175697453697
10,42, 0.020518495088
11,5,-0.361700852504
11,8,-0.604080865685
11,11,-0.603174346556
11,14,-0.024089109474
11,19,-0.028735146025
11,25,-0.011123094933
11,34,-0.053562644473
11,37,-0.175697453697
11,40, 0.020518495088
12,0,-0.003652064894
12,1, 0.006107981783
12,2,-0.042107247857
12,3,-0.045513315612
12,6,-0.389313926008
12,9,-0.631392722047
12,12,-0.619670497150
12,15,-0.049414288419
12,20,-0.048403506109
12,26,-0.027430853667
12,30,-0.181618451015
12,31,-0.303434533175
12,32,-0.365086277247
12,35,-0.016036409520
12,38,-0.080015534623
12,41, 0.000250077841
13,13,-1.397728192042
13,18,-0.879616473869
13,24,-0.057570020634
13,39,-0.265684692680
14,5,-0.083990546331
14,8,-0.057577555420
14,11,-0.024089109474
14,14,-1.454429901476
14,19,-0.912354731016
14,25,-0.105137316318
14,34,-0.555432449058
14,37,-1.025107712646
14,40, 0.281756672686
15,0,-0.011460391192
15,1, 0.020342611329
15,2,-0.088035071929
15,3,-0.060269623392
15,6,-0.193754560095
15,9,-0.122979612577
15,12,-0.049414288419
15,15,-1.555395169661
15,20,-0.962996674911
15,26,-0.176693291513
15,30,-1.091037084228
15,31,-0.983533033034
15,32,-0.411703963866
15,35, 0.039516480875
15,38,-0.276507583781
15,41, 0.038280607645
16,4,-0.083990546331
16,7,-0.057577555420
16,10,-0.024089109474
16,16,-1.454429901476
16,21,-0.912354731016
16,27,-0.105137316318
16,33,-0.555432449058
16,36,-1.025107712646
16,42, 0.281756672686
17,17,-1.397728192042
17,22,-0.879616473869
17,28,-0.057570020634
17,43,-0.265684692680
18,13,-0.879616473869
18,18,-0.938740821450
18,24,-0.042186793546
18,39,-0.119642701184
19,5,-0.045133068022
19,8,-0.051249445593
19,11,-0.028735146025
19,14,-0.912354731016
19,19,-0.965956074454
19,25,-0.073210034153
19,34,-0.241252421347
19,37,-0.571611071196
19,40, 0.023139029340
20,0,-0.003911800263
20,1, 0.007162207867
20,2,-0.048358802168
20,3,-0.039208978771
20,6,-0.097486367519
20,9,-0.093537115750
20,12,-0.048403506109
20,15,-0.962996674911
20,20,-0.998147444172
20,26,-0.111383536906
20,30,-0.473710182049
20,31,-0.557736026618
20,32,-0.345118058247
20,35,-0.111875438092
20,38,-0.357155090080
20,41,-0.010614098177
21,4,-0.045133068022
21,7,-0.051249445593
21,10,-0.028735146025
21,16,-0.912354731016
21,21,-0.965956074454
21,27,-0.073210034153
21,33,-0.241252421347
21,36,-0.571611071196
21,42, 0.023139029340
22,17,-0.879616473869
22,22,-0.938740821450
22,28,-0.042186793546
22,43,-0.119642701184
23,23,-1.196425818330
24,13,-0.057570020634
24,18,-0.042186793546
24,24,-1.225991702700
24,39,-0.414904201673
25,5,-0.033286840993
25,8,-0.025777296806
25,11,-0.011123094933
25,14,-0.105137316318
25,19,-0.073210034153
25,25,-1.265987079010
25,34,-0.578357719610
25,37,-0.808867296000
25,40,-0.010588322207
26,0,-0.004507935107
26,1, 0.008554825305
26,2,-0.048863941759
26,3,-0.034246346864
26,6,-0.098614763380
26,9,-0.067237396908
26,12,-0.027430853667
26,15,-0.176693291513
26,20,-0.111383536906
26,26,-1.320152261341
26,30,-0.812658428102
26,31,-0.562034907404
26,32,-0.182591443444
26,35,-0.229453937260
26,38,-0.504754720233
26,41,-0.092548562989
27,4,-0.033286840993
27,7,-0.025777296806
27,10,-0.011123094933
27,16,-0.105137316318
27,21,-0.073210034153
27,27,-1.265987079010
27,33,-0.578357719610
27,36,-0.808867296000
27,42,-0.010588322207
28,17,-0.057570020634
28,22,-0.042186793546
28,28,-1.225991702700
28,43,-0.414904201673
29,29,-1.196425818330
30,0,-0.164504034249
30,1, 0.249346037196
30,2,-0.585543297121
30,3,-0.361749001361
30,6,-1.084471051956
30,9,-0.511728962221
30,12,-0.181618451015
30,15,-1.091037084228
30,20,-0.473710182049
30,26,-0.812658428102
30,30,-3.438670387349
30,31,-1.998101498853
30,32,-1.010519570748
30,35, 0.245119166488
30,38, 0.167174569175
30,41,-0.083974830312
31,0,-0.879535445210
31,1, 0.995176894329
31,2,-1.094035419352
31,3,-0.698208200425
31,6,-1.406709783326
31,9,-0.772106866507
31,12,-0.303434533175
31,15,-0.983533033034
31,20,-0.557736026618
31,26,-0.562034907404
31,30,-1.998101498853
31,31,-2.225164594946
31,32,-1.591736038314
31,35, 0.277612477151
31,38, 0.477447481385
31,41,-0.191689794854
32,0,-1.074543215258
32,1, 1.189900823500
32,2,-1.374195796541
32,3,-0.987263237932
32,6,-0.888346466962
32,9,-0.726318728156
32,12,-0.365086277247
32,15,-0.411703963866
32,20,-0.345118058247
32,26,-0.182591443444
32,30,-1.010519570748
32,31,-1.591736038314
32,32,-1.643067315527
32,35, 0.164672417906
32,38, 0.453675904183
32,41,-0.145931442000
33,4,-0.322302304468
33,7,-0.151060251578
33,10,-0.053562644473
33,16,-0.555432449058
33,21,-0.241252421347
33,27,-0.578357719610
33,33,-2.543157554046
33,36,-1.391506023511
33,42, 0.210435689829
34,5,-0.322302304468
34,8,-0.151060251578
34,11,-0.053562644473
34,14,-0.555432449058
34,19,-0.241252421347
34,25,-0.578357719610
34,34,-2.543157554046
34,37,-1.391506023511
34,40, 0.210435689829
35,0, 0.288042984150
35,1,-0.387820588293
35,2, 0.231586809596
35,3, 0.094488380055
35,6, 0.485661287737
35,9, 0.006649828914
35,12,-0.016036409520
35,15, 0.039516480875
35,20,-0.111875438092
35,26,-0.229453937260
35,30, 0.245119166488
35,31, 0.277612477151
35,32, 0.164672417906
35,35,-2.681690097185
35,38,-1.524715042907
35,41, 0.325133343247
36,4,-0.856731200373
36,7,-0.453405937123
36,10,-0.175697453697
36,16,-1.025107712646
36,21,-0.571611071196
36,27,-0.808867296000
36,33,-1.391506023511
36,36,-1.824139018419
36,42, 0.246376695349
37,5,-0.856731200373
37,8,-0.453405937123
37,11,-0.175697453697
37,14,-1.025107712646
37,19,-0.571611071196
37,25,-0.808867296000
37,34,-1.391506023511
37,37,-1.824139018419
37,40, 0.246376695349
38,0, 1.740622549089
38,1,-1.839194502954
38,2, 0.753700284671
38,3, 0.331797356649
38,6, 0.636648211964
38,9,-0.075928321478
38,12,-0.080015534623
38,15,-0.276507583781
38,20,-0.357155090080
38,26,-0.504754720233
38,30, 0.167174569175
38,31, 0.477447481385
38,32, 0.453675904183
38,35,-1.524715042907
38,38,-2.245978209320
38,41, 0.458738931269
39,13,-0.265684692680
39,18,-0.119642701184
39,24,-0.414904201673
39,39,-2.088030079615
40,5, 0.406945460019
40,8, 0.083418677374
40,11, 0.020518495088
40,14, 0.281756672686
40,19, 0.023139029340
40,25,-0.010588322207
40,34, 0.210435689829
40,37, 0.246376695349
40,40,-2.229753910327
41,0,-0.791951890809
41,1, 0.847637108189
41,2,-0.183982802128
41,3,-0.079441792374
41,6,-0.285168110214
41,9, 0.004472487075
41,12, 0.000250077841
41,15, 0.038280607645
41,20,-0.010614098177
41,26,-0.092548562989
41,30,-0.083974830312
41,31,-0.191689794854
41,32,-0.145931442000
41,35, 0.325133343247
41,38, 0.458738931269
41,41,-2.375600500727
42,4, 0.406945460019
42,7, 0.083418677374
42,10, 0.020518495088
42,16, 0.281756672686
42,21, 0.023139029340
42,27,-0.010588322207
42,33, 0.210435689829
42,36, 0.246376695349
42,42,-2.229753910327
43,17,-0.265684692680
43,22,-0.119642701184
43,28,-0.414904201673
43,43,-2.088030079615
