0,0,-8.338423054693
0,1, 7.258409672003
0,2,-1.359744926845
0,3,-0.681579241009
0,6,-0.017253795655
0,9,-0.004724425902
0,12,-0.001541861021
0,15,-0.003218819159
0,20,-0.001234626610
0,26,-0.001052935208
0,30,-0.003307415910
0,31,-0.087066717253
0,32,-0.456090782344
0,35, 0.005955607623
0,38, 0.190629011214
0,41,-0.018181259833
1,0, 7.258409672003
1,1,-6.521582867985
1,2, 1.484905918072
1,3, 0.756513751666
1,6, 0.025948512656
1,9, 0.007992967539
1,12, 0.002657099023
1,15, 0.005922083299
1,20, 0.002365241958
1,26, 0.002101504011
1,30, 0.006840353198
1,31, 0.113449645871
1,32, 0.511004698673
1,35,-0.012230241730
1,38,-0.241801150115
1,41, 0.033012036881
2,0,-1.359744926845
2,1, 1.484905918072
2,2,-1.571704987544
2,3,-1.124202926618
2,6,-0.094921968946
2,9,-0.089785967149
2,12,-0.044469389351
2,15,-0.063956255320
2,20,-0.055378410755
2,26,-0.047467696681
2,30,-0.256841473939
2,31,-0.502912852010
2,32,-0.839071972081
2,35, 0.108142776199
2,38, 0.405090209526
2,41,-0.062311724499
3,0,-0.681579241009
3,1, 0.756513751666
3,2,-1.124202926618
3,3,-1.018813440958
3,6,-0.070800097393
3,9,-0.092081287563
3,12,-0.058649344371
3,15,-0.052687187888
3,20,-0.056604178572
3,26,-0.042138566362
3,30,-0.230434598814
3,31,-0.434326168817
3,32,-0.714517190368
3,35, 0.049231875972
3,38, 0.199143737447
3,41,-0.022881317518
4,4,-1.803835686831
4,7,-0.872460904955
4,10,-0.345753327172
4,16,-0.057715566724
4,21,-0.036947053694
4,27,-0.025126639487
4,33,-0.060826746889
4,36,-0.228107926690
4,42, 0.091074671122
5,5,-1.803835686831
5,8,-0.872460904955
5,11,-0.345753327172
5,14,-0.057715566724
5,19,-0.036947053694
5,25,-0.025126639487
5,34,-0.060826746889
5,37,-0.228107926690
5,40, 0.091074671122
6,0,-0.017253795655
6,1, 0.025948512656
6,2,-0.094921968946
6,3,-0.070800097393
6,6,-1.871658564162
6,9,-0.930451760019
6,12,-0.371325901667
6,15,-0.123148439547
6,20,-0.085991207510
6,26,-0.075784688744
6,30,-0.350173112986
6,31,-0.657179118549
6,32,-0.705227137041
6,35, 0.225779537025
6,38, 0.676343125107
6,41,-0.163848901923
7,4,-0.872460904955
7,7,-0.948171928976
7,10,-0.589240099965
7,16,-0.048882748507
7,21,-0.055051242722
7,27,-0.027337423046
7,33,-0.075917078823
7,36,-0.244673997130
7,42, 0.046344609810
8,5,-0.872460904955
8,8,-0.948171928976
8,11,-0.589240099965
8,14,-0.048882748507
8,19,-0.055051242722
8,25,-0.027337423046
8,34,-0.075917078823
8,37,-0.244673997130
8,40, 0.046344609810
9,0,-0.004724425902
9,1, 0.007992967539
9,2,-0.089785967149
9,3,-0.092081287563
9,6,-0.930451760019
9,9,-1.030012933546
9,12,-0.635988980676
9,15,-0.115482506643
9,20,-0.127582699682
9,26,-0.088201647749
9,30,-0.439236809101
9,31,-0.711749277776
9,32,-0.802469467568
9,35, 0.069026279443
9,38, 0.199107427627
9,41,-0.014927355547
10,4,-0.345753327172
10,7,-0.589240099965
10,10,-0.594186120140
10,16,-0.021923763627
10,21,-0.033915565907
10,27,-0.013175012486
10,33,-0.035777246110
10,36,-0.121176385328
10,42, 0.011930285159
11,5,-0.345753327172
11,8,-0.589240099965
11,11,-0.594186120140
11,14,-0.021923763627
11,19,-0.033915565907
11,25,-0.013175012486
11,34,-0.035777246110
11,37,-0.121176385328
11,40, 0.011930285159
12,0,-0.001541861021
12,1, 0.002657099023
12,2,-0.044469389351
12,3,-0.058649344371
12,6,-0.371325901667
12,9,-0.635988980676
12,12,-0.628563144637
12,15,-0.052358323556
12,20,-0.074068843020
12,26,-0.042185248226
12,30,-0.207070240078
12,31,-0.355795722784
12,32,-0.475614581625
12,35,-0.000180735916
12,38, 0.001425538143
12,41,-0.001105322007
13,13,-1.331372462727
13,18,-0.842895498742
13,24,-0.046825305201
13,39,-0.054589278907
14,5,-0.057715566724
14,8,-0.048882748507
14,11,-0.021923763627
14,14,-1.373543826061
14,19,-0.874807209940
14,25,-0.088109951547
14,34,-0.178508684088
14,37,-0.484780731384
14,40, 0.209876142768
15,0,-0.003218819159
15,1, 0.005922083299
15,2,-0.063956255320
15,3,-0.052687187888
15,6,-0.123148439547
15,9,-0.115482506643
15,12,-0.052358323556
15,15,-1.448664950384
15,20,-0.937213011843
15,26,-0.160054775341
15,30,-0.594640660353
15,31,-0.788860425728
15,32,-0.486368303936
15,35, 0.305972288223
15,38, 0.529724284461
15,41,-0.146357623410
16,4,-0.057715566724
16,7,-0.048882748507
16,10,-0.021923763627
16,16,-1.373543826061
16,21,-0.874807209940
16,27,-0.088109951547
16,33,-0.178508684088
16,36,-0.484780731384
16,42, 0.209876142768
17,17,-1.331372462727
17,22,-0.842895498742
17,28,-0.046825305201
17,43,-0.054589278907
18,13,-0.842895498742
18,18,-0.908999224775
18,24,-0.039570200540
18,39,-0.050714989228
19,5,-0.036947053694
19,8,-0.055051242722
19,11,-0.033915565907
19,14,-0.874807209940
19,19,-0.946329557640
19,25,-0.075731854323
19,34,-0.167608965562
19,37,-0.453967764523
19,40, 0.076452271182
20,0,-0.001234626610
20,1, 0.002365241958
20,2,-0.055378410755
20,3,-0.056604178572
20,6,-0.085991207510
20,9,-0.127582699682
20,12,-0.074068843020
20,15,-0.937213011843
20,20,-1.015494551591
20,26,-0.142026589834
20,30,-0.561193077146
20,31,-0.753626124545
20,32,-0.570968111273
20,35, 0.046956344439
20,38, 0.053943753513
20,41,-0.004053131050
21,4,-0.036947053694
21,7,-0.055051242722
21,10,-0.033915565907
21,16,-0.874807209940
21,21,-0.946329557640
21,27,-0.075731854323
21,33,-0.167608965562
21,36,-0.453967764523
21,42, 0.076452271182
22,17,-0.842895498742
22,22,-0.908999224775
22,28,-0.039570200540
22,43,-0.050714989228
23,23,-1.146143486744
24,13,-0.046825305201
24,18,-0.039570200540
24,24,-1.173902222027
24,39,-0.146779575069
25,5,-0.025126639487
25,8,-0.027337423046
25,11,-0.013175012486
25,14,-0.088109951547
25,19,-0.075731854323
25,25,-1.216480427478
25,34,-0.318942344772
25,37,-0.649078160641
25,40, 0.251704487827
26,0,-0.001052935208
26,1, 0.002101504011
26,2,-0.047467696681
26,3,-0.042138566362
26,6,-0.075784688744
26,9,-0.088201647749
26,12,-0.042185248226
26,15,-0.160054775341
26,20,-0.142026589834
26,26,-1.292798535992
26,30,-0.756720104636
26,31,-0.747940672744
26,32,-0.313601906767
26,35, 0.239586703125
26,38, 0.207632448937
26,41,-0.081632199954
27,4,-0.025126639487
27,7,-0.027337423046
27,10,-0.013175012486
27,16,-0.088109951547
27,21,-0.075731854323
27,27,-1.216480427478
27,33,-0.318942344772
27,36,-0.649078160641
27,42, 0.251704487827
28,17,-0.046825305201
28,22,-0.039570200540
28,28,-1.173902222027
28,43,-0.146779575069
29,29,-1.146143486744
30,0,-0.003307415910
30,1, 0.006840353198
30,2,-0.256841473939
30,3,-0.230434598814
30,6,-0.350173112986
30,9,-0.439236809101
30,12,-0.207070240078
30,15,-0.594640660353
30,20,-0.561193077146
30,26,-0.756720104636
30,30,-2.926455247583
30,31,-1.636414634602
30,32,-0.819343791748
30,35, 0.092448957219
30,38, 0.063127284013
30,41,-0.019458071717
31,0,-0.087066717253
31,1, 0.113449645871
31,2,-0.502912852010
31,3,-0.434326168817
31,6,-0.657179118549
31,9,-0.711749277776
31,12,-0.355795722784
31,15,-0.788860425728
31,20,-0.753626124545
31,26,-0.747940672744
31,30,-1.636414634602
31,31,-1.726043074254
31,32,-1.225378093046
31,35, 0.104756370812
31,38, 0.192167921097
31,41,-0.045068172533
32,0,-0.456090782344
32,1, 0.511004698673
32,2,-0.839071972081
32,3,-0.714517190368
32,6,-0.705227137041
32,9,-0.802469467568
32,12,-0.475614581625
32,15,-0.486368303936
32,20,-0.570968111273
32,26,-0.313601906767
32,30,-0.819343791748
32,31,-1.225378093046
32,32,-1.311658531385
32,35, 0.062199862515
32,38, 0.205535132674
32,41,-0.035097752279
33,4,-0.060826746889
33,7,-0.075917078823
33,10,-0.035777246110
33,16,-0.178508684088
33,21,-0.167608965562
33,27,-0.318942344772
33,33,-2.066423968108
33,36,-1.110736190582
33,42, 0.086056150607
34,5,-0.060826746889
34,8,-0.075917078823
34,11,-0.035777246110
34,14,-0.178508684088
34,19,-0.167608965562
34,25,-0.318942344772
34,34,-2.066423968108
34,37,-1.110736190582
34,40, 0.086056150607
35,0, 0.005955607623
35,1,-0.012230241730
35,2, 0.108142776199
35,3, 0.049231875972
35,6, 0.225779537025
35,9, 0.069026279443
35,12,-0.000180735916
35,15, 0.305972288223
35,20, 0.046956344439
35,26, 0.239586703125
35,30, 0.092448957219
35,31, 0.104756370812
35,32, 0.062199862515
35,35,-2.098512139204
35,38,-1.141669453960
35,41, 0.111061957955
36,4,-0.228107926690
36,7,-0.244673997130
36,10,-0.121176385328
36,16,-0.484780731384
36,21,-0.453967764523
36,27,-0.649078160641
36,33,-1.110736190582
36,36,-1.439096698174
36,42, 0.107646294345
37,5,-0.228107926690
37,8,-0.244673997130
37,11,-0.121176385328
37,14,-0.484780731384
37,19,-0.453967764523
37,25,-0.649078160641
37,34,-1.110736190582
37,37,-1.439096698174
37,40, 0.107646294345
38,0, 0.190629011214
38,1,-0.241801150115
38,2, 0.405090209526
38,3, 0.199143737447
38,6, 0.676343125107
38,9, 0.199107427627
38,12, 0.001425538143
38,15, 0.529724284461
38,20, 0.053943753513
38,26, 0.207632448937
38,30, 0.063127284013
38,31, 0.192167921097
38,32, 0.205535132674
38,35,-1.141669453960
38,38,-1.555364137108
38,41, 0.150096303851
39,13,-0.054589278907
39,18,-0.050714989228
39,24,-0.146779575069
39,39,-1.662484211789
40,5, 0.091074671122
40,8, 0.046344609810
40,11, 0.011930285159
40,14, 0.209876142768
40,19, 0.076452271182
40,25, 0.251704487827
40,34, 0.086056150607
40,37, 0.107646294345
40,40,-1.701467651211
41,0,-0.018181259833
41,1, 0.033012036881
41,2,-0.062311724499
41,3,-0.022881317518
41,6,-0.163848901923
41,9,-0.014927355547
41,12,-0.001105322007
41,15,-0.146357623410
41,20,-0.004053131050
41,26,-0.081632199954
41,30,-0.019458071717
41,31,-0.045068172533
41,32,-0.035097752279
41,35, 0.111061957955
41,38, 0.150096303851
41,41,-1.723165356724
42,4, 0.091074671122
42,7, 0.046344609810
42,10, 0.011930285159
42,16, 0.209876142768
42,21, 0.076452271182
42,27, 0.251704487827
42,33, 0.086056150607
42,36, 0.107646294345
42,42,-1.701467651211
43,17,-0.054589278907
43,22,-0.050714989228
43,28,-0.146779575069
43,43,-1.662484211789
