0,0,-8.297098674194
0,1, 7.217994178702
0,2,-1.346963577764
0,3,-0.674948764282
0,6,-0.012407473944
0,9,-0.003401325713
0,12,-0.001110952060
0,15,-0.001966287816
0,20,-0.000758078323
0,26,-0.000549714645
0,30,-0.000435993907
0,31,-0.021953276020
0,32,-0.270459172765
0,35, 0.000844063418
0,38, 0.046108272736
0,41,-0.002920841810
1,0, 7.217994178702
1,1,-6.480258500069
1,2, 1.468329114178
1,3, 0.747723513054
1,6, 0.018661551973
1,9, 0.005756678298
1,12, 0.001915577543
1,15, 0.003618946935
1,20, 0.001453666527
1,26, 0.001098095103
1,30, 0.000933892254
1,31, 0.031351825777
1,32, 0.305990265487
1,35,-0.001809641761
1,38,-0.065965573023
1,41, 0.005989536058
2,0,-1.346963577764
2,1, 1.468329114178
2,2,-1.538254361604
2,3,-1.101564367470
2,6,-0.072231158748
2,9,-0.077562809633
2,12,-0.040933905897
2,15,-0.045633961846
2,20,-0.047777501710
2,26,-0.034230337975
2,30,-0.165131159640
2,31,-0.328720543012
2,32,-0.620700901498
2,35, 0.075271465167
2,38, 0.281620282402
2,41,-0.042691415795
3,0,-0.674948764282
3,1, 0.747723513054
3,2,-1.101564367470
3,3,-1.002847901291
3,6,-0.055856137879
3,9,-0.086805127548
3,12,-0.060092497283
3,15,-0.040286545366
3,20,-0.055009824486
3,26,-0.033827929657
3,30,-0.187210269984
3,31,-0.345577064966
3,32,-0.591588788356
3,35, 0.040256234902
3,38, 0.157236594855
3,41,-0.015668934287
4,4,-1.772123743838
4,7,-0.856056859573
4,10,-0.339371573373
4,16,-0.046222689067
4,21,-0.031176671455
4,27,-0.019110461576
4,33,-0.024850076828
4,36,-0.107442328317
4,42, 0.041932162696
5,5,-1.772123743838
5,8,-0.856056859573
5,11,-0.339371573373
5,14,-0.046222689067
5,19,-0.031176671455
5,25,-0.019110461576
5,34,-0.024850076828
5,37,-0.107442328317
5,40, 0.041932162696
6,0,-0.012407473944
6,1, 0.018661551973
6,2,-0.072231158748
6,3,-0.055856137879
6,6,-1.816553700280
6,9,-0.899444822356
6,12,-0.359742003257
6,15,-0.087804183098
6,20,-0.067637598858
6,26,-0.050682098916
6,30,-0.170889851746
6,31,-0.376351190207
6,32,-0.544692353302
6,35, 0.130205881308
6,38, 0.454046160806
6,41,-0.106303359297
7,4,-0.856056859573
7,7,-0.933239244492
7,10,-0.581614149459
7,16,-0.041604463392
7,21,-0.051595075263
7,27,-0.023343919832
7,33,-0.053119641495
7,36,-0.173845298458
7,42, 0.034735447204
8,5,-0.856056859573
8,8,-0.933239244492
8,11,-0.581614149459
8,14,-0.041604463392
8,19,-0.051595075263
8,25,-0.023343919832
8,34,-0.053119641495
8,37,-0.173845298458
8,40, 0.034735447204
9,0,-0.003401325713
9,1, 0.005756678298
9,2,-0.077562809633
9,3,-0.086805127548
9,6,-0.899444822356
9,9,-1.012085988861
9,12,-0.631563152581
9,15,-0.091989812091
9,20,-0.123259581345
9,26,-0.072444582398
9,30,-0.368062280310
9,31,-0.606928614450
9,32,-0.745087714159
9,35, 0.077073219446
9,38, 0.235633107304
9,41,-0.019426570298
10,4,-0.339371573373
10,7,-0.581614149459
10,10,-0.589150408753
10,16,-0.019144772678
10,21,-0.033279447032
10,27,-0.011795916504
10,33,-0.029931076598
10,36,-0.100778550453
10,42, 0.009840983929
11,5,-0.339371573373
11,8,-0.581614149459
11,11,-0.589150408753
11,14,-0.019144772678
11,19,-0.033279447032
11,25,-0.011795916504
11,34,-0.029931076598
11,37,-0.100778550453
11,40, 0.009840983929
12,0,-0.001110952060
12,1, 0.001915577543
12,2,-0.040933905897
12,3,-0.060092497283
12,6,-0.359742003257
12,9,-0.631563152581
12,12,-0.630380259765
12,15,-0.043998595625
12,20,-0.077466709394
12,26,-0.037672360993
12,30,-0.207479948733
12,31,-0.354321035749
12,32,-0.491000859199
12,35, 0.005366891952
12,38, 0.023304098434
12,41,-0.001020963004
13,13,-1.306528634327
13,18,-0.827784197671
13,24,-0.039650713704
13,39,-0.021495839716
14,5,-0.046222689067
14,8,-0.041604463392
14,11,-0.019144772678
14,14,-1.338272422642
14,19,-0.854134082701
14,25,-0.071349168466
14,34,-0.080841580845
14,37,-0.269075558496
14,40, 0.119228641810
15,0,-0.001966287816
15,1, 0.003618946935
15,2,-0.045633961846
15,3,-0.040286545366
15,6,-0.087804183098
15,9,-0.091989812091
15,12,-0.043998595625
15,15,-1.384527986203
15,20,-0.901226572505
15,26,-0.117084078513
15,30,-0.321200540331
15,31,-0.528002136470
15,32,-0.424247875457
15,35, 0.220846600938
15,38, 0.515513822454
15,41,-0.148163608359
16,4,-0.046222689067
16,7,-0.041604463392
16,10,-0.019144772678
16,16,-1.338272422642
16,21,-0.854134082701
16,27,-0.071349168466
16,33,-0.080841580845
16,36,-0.269075558496
16,42, 0.119228641810
17,17,-1.306528634327
17,22,-0.827784197671
17,28,-0.039650713704
17,43,-0.021495839716
18,13,-0.827784197671
18,18,-0.895062228291
18,24,-0.035226683818
18,39,-0.031544740656
19,5,-0.031176671455
19,8,-0.051595075263
19,11,-0.033279447032
19,14,-0.854134082701
19,19,-0.930852551832
19,25,-0.066362595557
19,34,-0.123363016667
19,37,-0.350791459943
19,40, 0.072269397624
20,0,-0.000758078323
20,1, 0.001453666527
20,2,-0.047777501710
20,3,-0.055009824486
20,6,-0.067637598858
20,9,-0.123259581345
20,12,-0.077466709394
20,15,-0.901226572505
20,20,-1.001147410206
20,26,-0.120855127846
20,30,-0.494421287019
20,31,-0.699170857642
20,32,-0.593012628288
20,35, 0.090747797327
20,38, 0.193909388949
20,41,-0.017786805115
21,4,-0.031176671455
21,7,-0.051595075263
21,10,-0.033279447032
21,16,-0.854134082701
21,21,-0.930852551832
21,27,-0.066362595557
21,33,-0.123363016667
21,36,-0.350791459943
21,42, 0.072269397624
22,17,-0.827784197671
22,22,-0.895062228291
22,28,-0.035226683818
22,43,-0.031544740656
23,23,-1.125797381188
24,13,-0.039650713704
24,18,-0.035226683818
24,24,-1.148752605918
24,39,-0.069811303440
25,5,-0.019110461576
25,8,-0.023343919832
25,11,-0.011795916504
25,14,-0.071349168466
25,19,-0.066362595557
25,25,-1.181728278366
25,34,-0.174398670491
25,37,-0.433226245997
25,40, 0.193751232102
26,0,-0.000549714645
26,1, 0.001098095103
26,2,-0.034230337975
26,3,-0.033827929657
26,6,-0.050682098916
26,9,-0.072444582398
26,12,-0.037672360993
26,15,-0.117084078513
26,20,-0.120855127846
26,26,-1.233173769510
26,30,-0.492831115348
26,31,-0.595683653323
26,32,-0.304297125718
26,35, 0.254393009628
26,38, 0.387566656894
26,41,-0.128652069259
27,4,-0.019110461576
27,7,-0.023343919832
27,10,-0.011795916504
27,16,-0.071349168466
27,21,-0.066362595557
27,27,-1.181728278366
27,33,-0.174398670491
27,36,-0.433226245997
27,42, 0.193751232102
28,17,-0.039650713704
28,22,-0.035226683818
28,28,-1.148752605918
28,43,-0.069811303440
29,29,-1.125797381188
30,0,-0.000435993907
30,1, 0.000933892254
30,2,-0.165131159640
30,3,-0.187210269984
30,6,-0.170889851746
30,9,-0.368062280310
30,12,-0.207479948733
30,15,-0.321200540331
30,20,-0.494421287019
30,26,-0.492831115348
30,30,-2.802482095910
30,31,-1.548854251722
30,32,-0.773036368957
30,35, 0.066468854629
30,38, 0.045387188861
30,41,-0.011862441050
31,0,-0.021953276020
31,1, 0.031351825777
31,2,-0.328720543012
31,3,-0.345577064966
31,6,-0.376351190207
31,9,-0.606928614450
31,12,-0.354321035749
31,15,-0.528002136470
31,20,-0.699170857642
31,26,-0.595683653323
31,30,-1.548854251722
31,31,-1.602091084030
31,32,-1.127969157358
31,35, 0.075317626017
31,38, 0.138196072430
31,41,-0.027475425478
32,0,-0.270459172765
32,1, 0.305990265487
32,2,-0.620700901498
32,3,-0.591588788356
32,6,-0.544692353302
32,9,-0.745087714159
32,12,-0.491000859199
32,15,-0.424247875457
32,20,-0.593012628288
32,26,-0.304297125718
32,30,-0.773036368957
32,31,-1.127969157358
32,32,-1.198899530819
32,35, 0.044720392445
32,38, 0.148324339054
32,41,-0.021397199495
33,4,-0.024850076828
33,7,-0.053119641495
33,10,-0.029931076598
33,16,-0.080841580845
33,21,-0.123363016667
33,27,-0.174398670491
33,33,-1.946626117050
33,36,-1.038527202781
33,42, 0.062690963690
34,5,-0.024850076828
34,8,-0.053119641495
34,11,-0.029931076598
34,14,-0.080841580845
34,19,-0.123363016667
34,25,-0.174398670491
34,34,-1.946626117050
34,37,-1.038527202781
34,40, 0.062690963690
35,0, 0.000844063418
35,1,-0.001809641761
35,2, 0.075271465167
35,3, 0.040256234902
35,6, 0.130205881308
35,9, 0.077073219446
35,12, 0.005366891952
35,15, 0.220846600938
35,20, 0.090747797327
35,26, 0.254393009628
35,30, 0.066468854629
35,31, 0.075317626017
35,32, 0.044720392445
35,35,-1.966188386301
35,38,-1.057385392823
35,41, 0.078433695771
36,4,-0.107442328317
36,7,-0.173845298458
36,10,-0.100778550453
36,16,-0.269075558496
36,21,-0.350791459943
36,27,-0.433226245997
36,33,-1.038527202781
36,36,-1.330264055515
36,42, 0.079201000488
37,5,-0.107442328317
37,8,-0.173845298458
37,11,-0.100778550453
37,14,-0.269075558496
37,19,-0.350791459943
37,25,-0.433226245997
37,34,-1.038527202781
37,37,-1.330264055515
37,40, 0.079201000488
38,0, 0.046108272736
38,1,-0.065965573023
38,2, 0.281620282402
38,3, 0.157236594855
38,6, 0.454046160806
38,9, 0.235633107304
38,12, 0.023304098434
38,15, 0.515513822454
38,20, 0.193909388949
38,26, 0.387566656894
38,30, 0.045387188861
38,31, 0.138196072430
38,32, 0.148324339054
38,35,-1.057385392823
38,38,-1.401201010053
38,41, 0.104788760735
39,13,-0.021495839716
39,18,-0.031544740656
39,24,-0.069811303440
39,39,-1.549207752357
40,5, 0.041932162696
40,8, 0.034735447204
40,11, 0.009840983929
40,14, 0.119228641810
40,19, 0.072269397624
40,25, 0.193751232102
40,34, 0.062690963690
40,37, 0.079201000488
40,40,-1.573612683986
41,0,-0.002920841810
41,1, 0.005989536058
41,2,-0.042691415795
41,3,-0.015668934287
41,6,-0.106303359297
41,9,-0.019426570298
41,12,-0.001020963004
41,15,-0.148163608359
41,20,-0.017786805115
41,26,-0.128652069259
41,30,-0.011862441050
41,31,-0.027475425478
41,32,-0.021397199495
41,35, 0.078433695771
41,38, 0.104788760735
41,41,-1.585562451712
42,4, 0.041932162696
42,7, 0.034735447204
42,10, 0.009840983929
42,16, 0.119228641810
42,21, 0.072269397624
42,27, 0.193751232102
42,33, 0.062690963690
42,36, 0.079201000488
42,42,-1.573612683986
43,17,-0.021495839716
43,22,-0.031544740656
43,28,-0.069811303440
43,43,-1.549207752357
