0,0,-8.362541885168
0,1, 7.281998003513
0,2,-1.367197742904
0,3,-0.685442774026
0,6,-0.020441734041
0,9,-0.005585070353
0,12,-0.001820508864
0,15,-0.004134200312
0,20,-0.001573232349
0,26,-0.001451149753
0,30,-0.007823720093
0,31,-0.153423557886
0,32,-0.563264967683
0,35, 0.013669572576
0,38, 0.338048108376
0,41,-0.041191048153
1,0, 7.281998003513
1,1,-6.545701597395
1,2, 1.494565772792
1,3, 0.761630423110
1,6, 0.030735765781
1,9, 0.009441757589
1,12, 0.003134077682
1,15, 0.007599620292
1,20, 0.003008796798
1,26, 0.002891340064
1,30, 0.015660376911
1,31, 0.192721157569
1,32, 0.628877927382
1,35,-0.026856295031
1,38,-0.408605220607
1,41, 0.068121008265
2,0,-1.367197742904
2,1, 1.494565772792
2,2,-1.588777479030
2,3,-1.135116894591
2,6,-0.107041513122
2,9,-0.094294865182
2,12,-0.045335057656
2,15,-0.072705836627
2,20,-0.057173429916
2,26,-0.052428704726
2,30,-0.309409097910
2,31,-0.602395278305
2,32,-0.948242441810
2,35, 0.126330158004
2,38, 0.472563160867
2,41,-0.075101203096
3,0,-0.685442774026
3,1, 0.761630423110
3,2,-1.135116894591
3,3,-1.025964616361
3,6,-0.078101151821
3,9,-0.092875219714
3,12,-0.057063235931
3,15,-0.057691977988
3,20,-0.055397525050
3,26,-0.044179693311
3,30,-0.252781758567
3,31,-0.481229132959
3,32,-0.772785019562
3,35, 0.054640220834
3,38, 0.223080957836
3,41,-0.028217373317
4,4,-1.820911855214
4,7,-0.880786798739
4,10,-0.348922367813
4,16,-0.063627764159
4,21,-0.039512661523
4,27,-0.027954865821
4,33,-0.088518240915
4,36,-0.312417720019
4,42, 0.126690006170
5,5,-1.820911855214
5,8,-0.880786798739
5,11,-0.348922367813
5,14,-0.063627764159
5,19,-0.039512661523
5,25,-0.027954865821
5,34,-0.088518240915
5,37,-0.312417720019
5,40, 0.126690006170
6,0,-0.020441734041
6,1, 0.030735765781
6,2,-0.107041513122
6,3,-0.078101151821
6,6,-1.902554210501
6,9,-0.945138493489
6,12,-0.376404578752
6,15,-0.142094542456
6,20,-0.093282142967
6,26,-0.087547265428
6,30,-0.464570619961
6,31,-0.814316564127
6,32,-0.770705093635
6,35, 0.277279592708
6,38, 0.763747872914
6,41,-0.194911859162
7,4,-0.880786798739
7,7,-0.955054652223
7,10,-0.592625683679
7,16,-0.052000806262
7,21,-0.055795323845
7,27,-0.028547905416
7,33,-0.088463123820
7,36,-0.282684313496
7,42, 0.052559878948
8,5,-0.880786798739
8,8,-0.955054652223
8,11,-0.592625683679
8,14,-0.052000806262
8,19,-0.055795323845
8,25,-0.028547905416
8,34,-0.088463123820
8,37,-0.282684313496
8,40, 0.052559878948
9,0,-0.005585070353
9,1, 0.009441757589
9,2,-0.094294865182
9,3,-0.092875219714
9,6,-0.945138493489
9,9,-1.035456028279
9,12,-0.636557527825
9,15,-0.124228292859
9,20,-0.125387426639
9,26,-0.091317679328
9,30,-0.466287418265
9,31,-0.748546539743
9,32,-0.811778294360
9,35, 0.061403159853
9,38, 0.166105334080
9,41,-0.012364239565
10,4,-0.348922367813
10,7,-0.592625683679
10,10,-0.596325692022
10,16,-0.023007082297
10,21,-0.033657280520
10,27,-0.013440318041
10,33,-0.038813282416
10,36,-0.131513325610
10,42, 0.013166105571
11,5,-0.348922367813
11,8,-0.592625683679
11,11,-0.596325692022
11,14,-0.023007082297
11,19,-0.033657280520
11,25,-0.013440318041
11,34,-0.038813282416
11,37,-0.131513325610
11,40, 0.013166105571
12,0,-0.001820508864
12,1, 0.003134077682
12,2,-0.045335057656
12,3,-0.057063235931
12,6,-0.376404578752
12,9,-0.636557527825
12,12,-0.627117433969
12,15,-0.054808028045
12,20,-0.070489204385
12,26,-0.042030384322
12,30,-0.204661971567
12,31,-0.351880208578
12,32,-0.461380790037
12,35,-0.002993252091
12,38,-0.011176688963
12,41,-0.001197332899
13,13,-1.344056394900
13,18,-0.850321389758
13,24,-0.050077703894
13,39,-0.079988827030
14,5,-0.063627764159
14,8,-0.052000806262
14,11,-0.023007082297
14,14,-1.391220217345
14,19,-0.884225936234
14,25,-0.095421081135
14,34,-0.242560813209
14,37,-0.604482615711
14,40, 0.252734281461
15,0,-0.004134200312
15,1, 0.007599620292
15,2,-0.072705836627
15,3,-0.057691977988
15,6,-0.142094542456
15,9,-0.124228292859
15,12,-0.054808028045
15,15,-1.480578638965
15,20,-0.950859548795
15,26,-0.177880127849
15,30,-0.737376178213
15,31,-0.895121308695
15,32,-0.498476176097
15,35, 0.316817630041
15,38, 0.458178654913
15,41,-0.121867453650
16,4,-0.063627764159
16,7,-0.052000806262
16,10,-0.023007082297
16,16,-1.391220217345
16,21,-0.884225936234
16,27,-0.095421081135
16,33,-0.242560813209
16,36,-0.604482615711
16,42, 0.252734281461
17,17,-1.344056394900
17,22,-0.850321389758
17,28,-0.050077703894
17,43,-0.079988827030
18,13,-0.850321389758
18,18,-0.915463414067
18,24,-0.041196366263
18,39,-0.061906253846
19,5,-0.039512661523
19,8,-0.055795323845
19,11,-0.033657280520
19,14,-0.884225936234
19,19,-0.952335947314
19,25,-0.078552645921
19,34,-0.187562699212
19,37,-0.496255403531
19,40, 0.073708875321
20,0,-0.001573232349
20,1, 0.003008796798
20,2,-0.057173429916
20,3,-0.055397525050
20,6,-0.093282142967
20,9,-0.125387426639
20,12,-0.070489204385
20,15,-0.950859548795
20,20,-1.016940099196
20,26,-0.145530931368
20,30,-0.572242390841
20,31,-0.750054702999
20,32,-0.541828504845
20,35, 0.018296915725
20,38,-0.029624558383
20,41, 0.000415418273
21,4,-0.039512661523
21,7,-0.055795323845
21,10,-0.033657280520
21,16,-0.884225936234
21,21,-0.952335947314
21,27,-0.078552645921
21,33,-0.187562699212
21,36,-0.496255403531
21,42, 0.073708875321
22,17,-0.850321389758
22,22,-0.915463414067
22,28,-0.041196366263
22,43,-0.061906253846
23,23,-1.156199808553
24,13,-0.050077703894
24,18,-0.041196366263
24,24,-1.185791926130
24,39,-0.195390981236
25,5,-0.027954865821
25,8,-0.028547905416
25,11,-0.013440318041
25,14,-0.095421081135
25,19,-0.078552645921
25,25,-1.231634945350
25,34,-0.393903260418
25,37,-0.736782590432
25,40, 0.251491325221
26,0,-0.001451149753
26,1, 0.002891340064
26,2,-0.052428704726
26,3,-0.044179693311
26,6,-0.087547265428
26,9,-0.091317679328
26,12,-0.042030384322
26,15,-0.177880127849
26,20,-0.145530931368
26,26,-1.314975178071
26,30,-0.853430063636
26,31,-0.776346306993
26,32,-0.303110986722
26,35, 0.183973809537
26,38, 0.063938200528
26,41,-0.052965931903
27,4,-0.027954865821
27,7,-0.028547905416
27,10,-0.013440318041
27,16,-0.095421081135
27,21,-0.078552645921
27,27,-1.231634945350
27,33,-0.393903260418
27,36,-0.736782590432
27,42, 0.251491325221
28,17,-0.050077703894
28,22,-0.041196366263
28,28,-1.185791926130
28,43,-0.195390981236
29,29,-1.156199808553
30,0,-0.007823720093
30,1, 0.015660376911
30,2,-0.309409097910
30,3,-0.252781758567
30,6,-0.464570619961
30,9,-0.466287418265
30,12,-0.204661971567
30,15,-0.737376178213
30,20,-0.572242390841
30,26,-0.853430063636
30,30,-2.998811820775
30,31,-1.687518997008
30,32,-0.846370963843
30,35, 0.109588316081
30,38, 0.074830612463
30,41,-0.025112685311
31,0,-0.153423557886
31,1, 0.192721157569
31,2,-0.602395278305
31,3,-0.481229132959
31,6,-0.814316564127
31,9,-0.748546539743
31,12,-0.351880208578
31,15,-0.895121308695
31,20,-0.750054702999
31,26,-0.776346306993
31,30,-1.687518997008
31,31,-1.798320065092
31,32,-1.281653321742
31,35, 0.124177432351
31,38, 0.227624358695
31,41,-0.058164823112
32,0,-0.563264967683
32,1, 0.628877927382
32,2,-0.948242441810
32,3,-0.772785019562
32,6,-0.770705093635
32,9,-0.811778294360
32,12,-0.461380790037
32,15,-0.498476176097
32,20,-0.541828504845
32,26,-0.303110986722
32,30,-0.846370963843
32,31,-1.281653321742
32,32,-1.372088975982
32,35, 0.073731250021
32,38, 0.242028991177
32,41,-0.045294452101
33,4,-0.088518240915
33,7,-0.088463123820
33,10,-0.038813282416
33,16,-0.242560813209
33,21,-0.187562699212
33,27,-0.393903260418
33,33,-2.135672213269
33,36,-1.152233498417
33,42, 0.101120172804
34,5,-0.088518240915
34,8,-0.088463123820
34,11,-0.038813282416
34,14,-0.242560813209
34,19,-0.187562699212
34,25,-0.393903260418
34,34,-2.135672213269
34,37,-1.152233498417
34,40, 0.101120172804
35,0, 0.013669572576
35,1,-0.026856295031
35,2, 0.126330158004
35,3, 0.054640220834
35,6, 0.277279592708
35,9, 0.061403159853
35,12,-0.002993252091
35,15, 0.316817630041
35,20, 0.018296915725
35,26, 0.183973809537
35,30, 0.109588316081
35,31, 0.124177432351
35,32, 0.073731250021
35,35,-2.177085368460
35,38,-1.192156120276
35,41, 0.133193828156
36,4,-0.312417720019
36,7,-0.282684313496
36,10,-0.131513325610
36,16,-0.604482615711
36,21,-0.496255403531
36,27,-0.736782590432
36,33,-1.152233498417
36,36,-1.500183670921
36,42, 0.125639243278
37,5,-0.312417720019
37,8,-0.282684313496
37,11,-0.131513325610
37,14,-0.604482615711
37,19,-0.496255403531
37,25,-0.736782590432
37,34,-1.152233498417
37,37,-1.500183670921
37,40, 0.125639243278
38,0, 0.338048108376
38,1,-0.408605220607
38,2, 0.472563160867
38,3, 0.223080957836
38,6, 0.763747872914
38,9, 0.166105334080
38,12,-0.011176688963
38,15, 0.458178654913
38,20,-0.029624558383
38,26, 0.063938200528
38,30, 0.074830612463
38,31, 0.227624358695
38,32, 0.242028991177
38,35,-1.192156120276
38,38,-1.649863604430
38,41, 0.181323717291
39,13,-0.079988827030
39,18,-0.061906253846
39,24,-0.195390981236
39,39,-1.726960914462
40,5, 0.126690006170
40,8, 0.052559878948
40,11, 0.013166105571
40,14, 0.252734281461
40,19, 0.073708875321
40,25, 0.251491325221
40,34, 0.101120172804
40,37, 0.125639243278
40,40,-1.776380676421
41,0,-0.041191048153
41,1, 0.068121008265
41,2,-0.075101203096
41,3,-0.028217373317
41,6,-0.194911859162
41,9,-0.012364239565
41,12,-0.001197332899
41,15,-0.121867453650
41,20, 0.000415418273
41,26,-0.052965931903
41,30,-0.025112685311
41,31,-0.058164823112
41,32,-0.045294452101
41,35, 0.133193828156
41,38, 0.181323717291
41,41,-1.806168764000
42,4, 0.126690006170
42,7, 0.052559878948
42,10, 0.013166105571
42,16, 0.252734281461
42,21, 0.073708875321
42,27, 0.251491325221
42,33, 0.101120172804
42,36, 0.125639243278
42,42,-1.776380676421
43,17,-0.079988827030
43,22,-0.061906253846
43,28,-0.195390981236
43,43,-1.726960914462
