0,0,-8.517096776140
0,1, 7.433110757618
0,2,-1.414068277979
0,3,-0.709579859974
0,6,-0.045676562495
0,9,-0.011729186122
0,12,-0.003747039204
0,15,-0.011868968184
0,20,-0.004025110627
0,26,-0.004652248958
0,30,-0.182807391501
0,31,-0.925595225308
0,32,-1.095226720641
0,35, 0.321151145415
0,38, 1.815004456189
0,41,-0.869180483431
1,0, 7.433110757618
1,1,-6.700125285732
1,2, 1.554559998266
1,3, 0.793085595138
1,6, 0.067596014437
1,9, 0.019277044137
1,12, 0.006250143244
1,15, 0.020994706442
1,20, 0.007341215371
1,26, 0.008789504898
1,30, 0.273230618090
1,31, 1.044318309777
1,32, 1.212579152451
1,35,-0.424807992089
1,38,-1.911017852229
1,41, 0.918453529716
2,0,-1.414068277979
2,1, 1.554559998266
2,2,-1.661516365324
2,3,-1.177656844141
2,6,-0.153133320616
2,9,-0.096702471722
2,12,-0.041765312321
2,15,-0.087578594291
2,20,-0.047548829236
2,26,-0.047910351520
2,30,-0.598494583179
2,31,-1.114653712269
2,32,-1.388933758267
2,35, 0.237438239403
2,38, 0.762255122363
2,41,-0.190984694117
3,0,-0.709579859974
3,1, 0.793085595138
3,2,-1.177656844141
3,3,-1.051152119866
3,6,-0.100477173942
3,9,-0.082455071674
3,12,-0.044936391980
3,15,-0.059660732164
3,20,-0.038342883251
3,26,-0.033383751268
3,30,-0.366831650192
3,31,-0.707076298827
3,32,-0.994409953967
3,35, 0.097037822584
3,38, 0.335319884182
3,41,-0.082840068566
4,4,-1.905844558697
4,7,-0.916976078679
4,10,-0.362164776221
4,16,-0.084435213163
4,21,-0.045113198790
4,27,-0.033160399651
4,33,-0.336909846215
4,36,-0.883393269829
4,42, 0.423131615580
5,5,-1.905844558697
5,8,-0.916976078679
5,11,-0.362164776221
5,14,-0.084435213163
5,19,-0.045113198790
5,25,-0.033160399651
5,34,-0.336909846215
5,37,-0.883393269829
5,40, 0.423131615580
6,0,-0.045676562495
6,1, 0.067596014437
6,2,-0.153133320616
6,3,-0.100477173942
6,6,-2.045093210576
6,9,-0.989626746822
6,12,-0.389507054525
6,15,-0.193911429588
6,20,-0.096695970905
6,26,-0.097407712108
6,30,-1.111371309282
6,31,-1.422013931692
6,32,-0.887051162841
6,35, 0.491090318213
6,38, 0.609035965752
6,41,-0.282061944307
7,4,-0.916976078679
7,7,-0.980349536360
7,10,-0.604439095907
7,16,-0.057465201484
7,21,-0.050825506874
7,27,-0.025411800281
7,33,-0.153875724299
7,36,-0.460096215107
7,42, 0.084763839996
8,5,-0.916976078679
8,8,-0.980349536360
8,11,-0.604439095907
8,14,-0.057465201484
8,19,-0.050825506874
8,25,-0.025411800281
8,34,-0.153875724299
8,37,-0.460096215107
8,40, 0.084763839996
9,0,-0.011729186122
9,1, 0.019277044137
9,2,-0.096702471722
9,3,-0.082455071674
9,6,-0.989626746822
9,9,-1.036711647475
9,12,-0.631044789053
9,15,-0.121646657751
9,20,-0.091859621279
9,26,-0.065469019600
9,30,-0.511137529240
9,31,-0.768478161121
9,32,-0.719437530546
9,35, 0.003732337631
9,38,-0.088303200466
9,41, 0.005658042195
10,4,-0.362164776221
10,7,-0.604439095907
10,10,-0.603379516116
10,16,-0.023994570897
10,21,-0.028431611728
10,27,-0.010933910220
10,33,-0.054233318477
10,36,-0.177392622824
10,42, 0.020876845411
11,5,-0.362164776221
11,8,-0.604439095907
11,11,-0.603379516116
11,14,-0.023994570897
11,19,-0.028431611728
11,25,-0.010933910220
11,34,-0.054233318477
11,37,-0.177392622824
11,40, 0.020876845411
12,0,-0.003747039204
12,1, 0.006250143244
12,2,-0.041765312321
12,3,-0.044936391980
12,6,-0.389507054525
12,9,-0.631044789053
12,12,-0.619379539362
12,15,-0.048752301717
12,20,-0.047458307220
12,26,-0.026624126659
12,30,-0.180325241907
12,31,-0.300520879960
12,32,-0.360388781569
12,35,-0.016647072032
12,38,-0.083224282856
12,41, 0.000481475366
13,13,-1.399746800604
13,18,-0.880654211088
13,24,-0.057557894668
13,39,-0.275488076675
14,5,-0.084435213163
14,8,-0.057465201484
14,11,-0.023994570897
14,14,-1.456214575800
14,19,-0.913001699479
14,25,-0.104609786093
14,34,-0.566366297448
14,37,-1.034424582918
14,40, 0.274920339416
15,0,-0.011868968184
15,1, 0.020994706442
15,2,-0.087578594291
15,3,-0.059660732164
15,6,-0.193911429588
15,9,-0.121646657751
15,12,-0.048752301717
15,15,-1.555487904066
15,20,-0.962190700497
15,26,-0.174071022691
15,30,-1.091123353157
15,31,-0.973903038307
15,32,-0.404564776294
15,35, 0.019742674005
15,38,-0.310083128904
15,41, 0.041659880904
16,4,-0.084435213163
16,7,-0.057465201484
16,10,-0.023994570897
16,16,-1.456214575800
16,21,-0.913001699479
16,27,-0.104609786093
16,33,-0.566366297448
16,36,-1.034424582918
16,42, 0.274920339416
17,17,-1.399746800604
17,22,-0.880654211088
17,28,-0.057557894668
17,43,-0.275488076675
18,13,-0.880654211088
18,18,-0.939506108431
18,24,-0.041998196789
18,39,-0.122185584695
19,5,-0.045113198790
19,8,-0.050825506874
19,11,-0.028431611728
19,14,-0.913001699479
19,19,-0.966160790717
19,25,-0.072464248882
19,34,-0.242037391142
19,37,-0.570620499167
19,40, 0.019814866326
20,0,-0.004025110627
20,1, 0.007341215371
20,2,-0.047548829236
20,3,-0.038342883251
20,6,-0.096695970905
20,9,-0.091859621279
20,12,-0.047458307220
20,15,-0.962190700497
20,20,-0.997070591366
20,26,-0.109094693957
20,30,-0.466071749787
20,31,-0.546225028321
20,32,-0.336392602978
20,35,-0.116382855479
20,38,-0.366305567673
20,41,-0.012199109391
21,4,-0.045113198790
21,7,-0.050825506874
21,10,-0.028431611728
21,16,-0.913001699479
21,21,-0.966160790717
21,27,-0.072464248882
21,33,-0.242037391142
21,36,-0.570620499167
21,42, 0.019814866326
22,17,-0.880654211088
22,22,-0.939506108431
22,28,-0.041998196789
22,43,-0.122185584695
23,23,-1.197870383996
24,13,-0.057557894668
24,18,-0.041998196789
24,24,-1.227131997781
24,39,-0.421842324589
25,5,-0.033160399651
25,8,-0.025411800281
25,11,-0.010933910220
25,14,-0.104609786093
25,19,-0.072464248882
25,25,-1.266292873430
25,34,-0.578325637022
25,37,-0.800905626095
25,40,-0.027206237265
26,0,-0.004652248958
26,1, 0.008789504898
26,2,-0.047910351520
26,3,-0.033383751268
26,6,-0.097407712108
26,9,-0.065469019600
26,12,-0.026624126659
26,15,-0.174071022691
26,20,-0.109094693957
26,26,-1.318182175416
26,30,-0.797160071852
26,31,-0.546413177592
26,32,-0.176707381847
26,35,-0.244148863568
26,38,-0.516286676296
26,41,-0.101462056466
27,4,-0.033160399651
27,7,-0.025411800281
27,10,-0.010933910220
27,16,-0.104609786093
27,21,-0.072464248882
27,27,-1.266292873430
27,33,-0.578325637022
27,36,-0.800905626095
27,42,-0.027206237265
28,17,-0.057557894668
28,22,-0.041998196789
28,28,-1.227131997781
28,43,-0.421842324589
29,29,-1.197870383996
30,0,-0.182807391501
30,1, 0.273230618090
30,2,-0.598494583179
30,3,-0.366831650192
30,6,-1.111371309282
30,9,-0.511137529240
30,12,-0.180325241907
30,15,-1.091123353157
30,20,-0.466071749787
30,26,-0.797160071852
30,30,-3.462587487113
30,31,-2.014964915352
30,32,-1.019408650670
30,35, 0.254030723953
30,38, 0.173190490122
30,41,-0.088581946735
31,0,-0.925595225308
31,1, 1.044318309777
31,2,-1.114653712269
31,3,-0.707076298827
31,6,-1.422013931692
31,9,-0.768478161121
31,12,-0.300520879960
31,15,-0.973903038307
31,20,-0.546225028321
31,26,-0.546413177592
31,30,-2.014964915352
31,31,-2.246972844241
31,32,-1.606247544260
31,35, 0.287656697820
31,38, 0.490791502664
31,41,-0.201560211282
32,0,-1.095226720641
32,1, 1.212579152451
32,2,-1.388933758267
32,3,-0.994409953967
32,6,-0.887051162841
32,9,-0.719437530546
32,12,-0.360388781569
32,15,-0.404564776294
32,20,-0.336392602978
32,26,-0.176707381847
32,30,-1.019408650670
32,31,-1.606247544260
32,32,-1.653594907754
32,35, 0.170586188100
32,38, 0.462644904374
32,41,-0.152919807194
33,4,-0.336909846215
33,7,-0.153875724299
33,10,-0.054233318477
33,16,-0.566366297448
33,21,-0.242037391142
33,27,-0.578325637022
33,33,-2.564533890282
33,36,-1.403764423781
33,42, 0.217014414427
34,5,-0.336909846215
34,8,-0.153875724299
34,11,-0.054233318477
34,14,-0.566366297448
34,19,-0.242037391142
34,25,-0.578325637022
34,34,-2.564533890282
34,37,-1.403764423781
34,40, 0.217014414427
35,0, 0.321151145415
35,1,-0.424807992089
35,2, 0.237438239403
35,3, 0.097037822584
35,6, 0.491090318213
35,9, 0.003732337631
35,12,-0.016647072032
35,15, 0.019742674005
35,20,-0.116382855479
35,26,-0.244148863568
35,30, 0.254030723953
35,31, 0.287656697820
35,32, 0.170586188100
35,35,-2.710688226183
35,38,-1.544191205977
35,41, 0.338784914343
36,4,-0.883393269829
36,7,-0.460096215107
36,10,-0.177392622824
36,16,-1.034424582918
36,21,-0.570620499167
36,27,-0.800905626095
36,33,-1.403764423781
36,36,-1.839181989805
36,42, 0.252997968009
37,5,-0.883393269829
37,8,-0.460096215107
37,11,-0.177392622824
37,14,-1.034424582918
37,19,-0.570620499167
37,25,-0.800905626095
37,34,-1.403764423781
37,37,-1.839181989805
37,40, 0.252997968009
38,0, 1.815004456189
38,1,-1.911017852229
38,2, 0.762255122363
38,3, 0.335319884182
38,6, 0.609035965752
38,9,-0.088303200466
38,12,-0.083224282856
38,15,-0.310083128904
38,20,-0.366305567673
38,26,-0.516286676296
38,30, 0.173190490122
38,31, 0.490791502664
38,32, 0.462644904374
38,35,-1.544191205977
38,38,-2.275558753234
38,41, 0.477760377661
39,13,-0.275488076675
39,18,-0.122185584695
39,24,-0.421842324589
39,39,-2.105979480032
40,5, 0.423131615580
40,8, 0.084763839996
40,11, 0.020876845411
40,14, 0.274920339416
40,19, 0.019814866326
40,25,-0.027206237265
40,34, 0.217014414427
40,37, 0.252997968009
40,40,-2.253870678684
41,0,-0.869180483431
41,1, 0.918453529716
41,2,-0.190984694117
41,3,-0.082840068566
41,6,-0.282061944307
41,9, 0.005658042195
41,12, 0.000481475366
41,15, 0.041659880904
41,20,-0.012199109391
41,26,-0.101462056466
41,30,-0.088581946735
41,31,-0.201560211282
41,32,-0.152919807194
41,35, 0.338784914343
41,38, 0.477760377661
41,41,-2.410640583429
42,4, 0.423131615580
42,7, 0.084763839996
42,10, 0.020876845411
42,16, 0.274920339416
42,21, 0.019814866326
42,27,-0.027206237265
42,33, 0.217014414427
42,36, 0.252997968009
42,42,-2.253870678684
43,17,-0.275488076675
43,22,-0.122185584695
43,28,-0.421842324589
43,43,-2.105979480032
