0,0,-8.308229821300
0,1, 7.228880508694
0,2,-1.350406953825
0,3,-0.676735344340
0,6,-0.013635030862
0,9,-0.003737389827
0,12,-0.001220592920
0,15,-0.002264867063
0,20,-0.000872645319
0,26,-0.000663235652
0,30,-0.000823703762
0,31,-0.033936698413
0,32,-0.319572271072
0,35, 0.001562004913
0,38, 0.072387296393
0,41,-0.005132045128
1,0, 7.228880508694
1,1,-6.491389646913
1,2, 1.472795523587
1,3, 0.750092541194
1,6, 0.020507741937
1,9, 0.006325219342
1,12, 0.002104498157
1,15, 0.004168356371
1,20, 0.001673181463
1,26, 0.001324748877
1,30, 0.001752402090
1,31, 0.047074292733
1,32, 0.360383688416
1,35,-0.003323287782
1,38,-0.099699537412
1,41, 0.010254489003
2,0,-1.350406953825
2,1, 1.472795523587
2,2,-1.547769034958
2,3,-1.108183270539
2,6,-0.078468304858
2,9,-0.081453535556
2,12,-0.042189956336
2,15,-0.050821769816
2,20,-0.050447266240
2,26,-0.038271705369
2,30,-0.189721081726
2,31,-0.375469695768
2,32,-0.683208466315
2,35, 0.084333789181
2,38, 0.315503768775
2,41,-0.047764941996
3,0,-0.676735344340
3,1, 0.750092541194
3,2,-1.108183270539
3,3,-1.007687962892
3,6,-0.060129780736
3,9,-0.088827389649
3,12,-0.059934404661
3,15,-0.044038421415
3,20,-0.056037008672
3,26,-0.036675318468
3,30,-0.199553301814
3,31,-0.370562278258
3,32,-0.627825110619
3,35, 0.042668012961
3,38, 0.168556978969
3,41,-0.017392140920
4,4,-1.780960868304
4,7,-0.860748508481
4,10,-0.341215342976
4,16,-0.049450305991
4,21,-0.032896633538
4,27,-0.020840539976
4,33,-0.032959195560
4,36,-0.136172051617
4,42, 0.053518457187
5,5,-1.780960868304
5,8,-0.860748508481
5,11,-0.341215342976
5,14,-0.049450305991
5,19,-0.032896633538
5,25,-0.020840539976
5,34,-0.032959195560
5,37,-0.136172051617
5,40, 0.053518457187
6,0,-0.013635030862
6,1, 0.020507741937
6,2,-0.078468304858
6,3,-0.060129780736
6,6,-1.831461356311
6,9,-0.908444600650
6,12,-0.363219903458
6,15,-0.097340776567
6,20,-0.073221517906
6,26,-0.057718475960
6,30,-0.215460325121
6,31,-0.450969288165
6,32,-0.594173407349
6,35, 0.156264985317
6,38, 0.520921844378
6,41,-0.122397068737
7,4,-0.860748508481
7,7,-0.937705738985
7,10,-0.583936968555
7,16,-0.043802120436
7,21,-0.052848870154
7,27,-0.024667767693
7,33,-0.059382622300
7,36,-0.193484845213
7,42, 0.037990765489
8,5,-0.860748508481
8,8,-0.937705738985
8,11,-0.583936968555
8,14,-0.043802120436
8,19,-0.052848870154
8,25,-0.024667767693
8,34,-0.059382622300
8,37,-0.193484845213
8,40, 0.037990765489
9,0,-0.003737389827
9,1, 0.006325219342
9,2,-0.081453535556
9,3,-0.088827389649
9,6,-0.908444600650
9,9,-1.018238862914
9,12,-0.633348945403
9,15,-0.099276907335
9,20,-0.125750484831
9,26,-0.078039316354
9,30,-0.390805844625
9,31,-0.641152065327
9,32,-0.767104214320
9,35, 0.075814533694
9,38, 0.229154819186
9,41,-0.018244973620
10,4,-0.341215342976
10,7,-0.583936968555
10,10,-0.590717445077
10,16,-0.020013298072
10,21,-0.033623888296
10,27,-0.012296805493
10,33,-0.031598244386
10,36,-0.106632662010
10,42, 0.010401691733
11,5,-0.341215342976
11,8,-0.583936968555
11,11,-0.590717445077
11,14,-0.020013298072
11,19,-0.033623888296
11,25,-0.012296805493
11,34,-0.031598244386
11,37,-0.106632662010
11,40, 0.010401691733
12,0,-0.001220592920
12,1, 0.002104498157
12,2,-0.042189956336
12,3,-0.059934404661
12,6,-0.363219903458
12,9,-0.633348945403
12,12,-0.630048635865
12,15,-0.046785969860
12,20,-0.077088745326
12,26,-0.039592813350
12,30,-0.208032944494
12,31,-0.356083406182
12,32,-0.488536544510
12,35, 0.003778089245
12,38, 0.017403613784
12,41,-0.001021694775
13,13,-1.313617738908
13,18,-0.832171690472
13,24,-0.041774656400
13,39,-0.028895215282
14,5,-0.049450305991
14,8,-0.043802120436
14,11,-0.020013298072
14,14,-1.348334099574
14,19,-0.860279615695
14,25,-0.076312975284
14,34,-0.104519505532
14,37,-0.326314948056
14,40, 0.144538869525
15,0,-0.002264867063
15,1, 0.004168356371
15,2,-0.050821769816
15,3,-0.044038421415
15,6,-0.097340776567
15,9,-0.099276907335
15,12,-0.046785969860
15,15,-1.402435475720
15,20,-0.912419186214
15,26,-0.129654760918
15,30,-0.394926531578
15,31,-0.606509487556
15,32,-0.447034442354
15,35, 0.251453431355
15,38, 0.539675177311
15,41,-0.154222931136
16,4,-0.049450305991
16,7,-0.043802120436
16,10,-0.020013298072
16,16,-1.348334099574
16,21,-0.860279615695
16,27,-0.076312975284
16,33,-0.104519505532
16,36,-0.326314948056
16,42, 0.144538869525
17,17,-1.313617738908
17,22,-0.832171690472
17,28,-0.041774656400
17,43,-0.028895215282
18,13,-0.832171690472
18,18,-0.899220009723
18,24,-0.036604264204
18,39,-0.036622941738
19,5,-0.032896633538
19,8,-0.052848870154
19,11,-0.033623888296
19,14,-0.860279615695
19,19,-0.935786796121
19,25,-0.069487007387
19,34,-0.136505255747
19,37,-0.382541798458
19,40, 0.074734591997
20,0,-0.000872645319
20,1, 0.001673181463
20,2,-0.050447266240
20,3,-0.056037008672
20,6,-0.073221517906
20,9,-0.125750484831
20,12,-0.077088745326
20,15,-0.912419186214
20,20,-1.006978245587
20,26,-0.128591516484
20,30,-0.519715120175
20,31,-0.723541893117
20,32,-0.592359326767
20,35, 0.080490610771
20,38, 0.158821369163
20,41,-0.013425052775
21,4,-0.032896633538
21,7,-0.052848870154
21,10,-0.033623888296
21,16,-0.860279615695
21,21,-0.935786796121
21,27,-0.069487007387
21,33,-0.136505255747
21,36,-0.382541798458
21,42, 0.074734591997
22,17,-0.832171690472
22,22,-0.899220009723
22,28,-0.036604264204
22,43,-0.036622941738
23,23,-1.131691441508
24,13,-0.041774656400
24,18,-0.036604264204
24,24,-1.156138322523
24,39,-0.088869344951
25,5,-0.020840539976
25,8,-0.024667767693
25,11,-0.012296805493
25,14,-0.076312975284
25,19,-0.069487007387
25,25,-1.192135801382
25,34,-0.213535481342
25,37,-0.498241642503
25,40, 0.216521847013
26,0,-0.000663235652
26,1, 0.001324748877
26,2,-0.038271705369
26,3,-0.036675318468
26,6,-0.057718475960
26,9,-0.078039316354
26,12,-0.039592813350
26,15,-0.129654760918
26,20,-0.128591516484
26,26,-1.251499279132
26,30,-0.574107355718
26,31,-0.650961703603
26,32,-0.311261307307
26,35, 0.263122380510
26,38, 0.354505723316
26,41,-0.119209139711
27,4,-0.020840539976
27,7,-0.024667767693
27,10,-0.012296805493
27,16,-0.076312975284
27,21,-0.069487007387
27,27,-1.192135801382
27,33,-0.213535481342
27,36,-0.498241642503
27,42, 0.216521847013
28,17,-0.041774656400
28,22,-0.036604264204
28,28,-1.156138322523
28,43,-0.088869344951
29,29,-1.131691441508
30,0,-0.000823703762
30,1, 0.001752402090
30,2,-0.189721081726
30,3,-0.199553301814
30,6,-0.215460325121
30,9,-0.390805844625
30,12,-0.208032944494
30,15,-0.394926531578
30,20,-0.519715120175
30,26,-0.574107355718
30,30,-2.835875537438
30,31,-1.572439540072
30,32,-0.785509749204
30,35, 0.073046089654
30,38, 0.049878348065
30,41,-0.013666025678
31,0,-0.033936698413
31,1, 0.047074292733
31,2,-0.375469695768
31,3,-0.370562278258
31,6,-0.450969288165
31,9,-0.641152065327
31,12,-0.356083406182
31,15,-0.606509487556
31,20,-0.723541893117
31,26,-0.650961703603
31,30,-1.572439540072
31,31,-1.635483368723
31,32,-1.154272065524
31,35, 0.082770465857
31,38, 0.151868783271
31,41,-0.031652833252
32,0,-0.319572271072
32,1, 0.360383688416
32,2,-0.683208466315
32,3,-0.627825110619
32,6,-0.594173407349
32,9,-0.767104214320
32,12,-0.488536544510
32,15,-0.447034442354
32,20,-0.592359326767
32,26,-0.311261307307
32,30,-0.785509749204
32,31,-1.154272065524
32,32,-1.230258308440
32,35, 0.049145570720
32,38, 0.162932856700
32,41,-0.024650460675
33,4,-0.032959195560
33,7,-0.059382622300
33,10,-0.031598244386
33,16,-0.104519505532
33,21,-0.136505255747
33,27,-0.213535481342
33,33,-1.979028132279
33,36,-1.058105873674
33,42, 0.068666676114
34,5,-0.032959195560
34,8,-0.059382622300
34,11,-0.031598244386
34,14,-0.104519505532
34,19,-0.136505255747
34,25,-0.213535481342
34,34,-1.979028132279
34,37,-1.058105873674
34,40, 0.068666676114
35,0, 0.001562004913
35,1,-0.003323287782
35,2, 0.084333789181
35,3, 0.042668012961
35,6, 0.156264985317
35,9, 0.075814533694
35,12, 0.003778089245
35,15, 0.251453431355
35,20, 0.080490610771
35,26, 0.263122380510
35,30, 0.073046089654
35,31, 0.082770465857
35,32, 0.049145570720
35,35,-2.001564680428
35,38,-1.079831293278
35,41, 0.086589251875
36,4,-0.136172051617
36,7,-0.193484845213
36,10,-0.106632662010
36,16,-0.326314948056
36,21,-0.382541798458
36,27,-0.498241642503
36,33,-1.058105873674
36,36,-1.360062309343
36,42, 0.086535768128
37,5,-0.136172051617
37,8,-0.193484845213
37,11,-0.106632662010
37,14,-0.326314948056
37,19,-0.382541798458
37,25,-0.498241642503
37,34,-1.058105873674
37,37,-1.360062309343
37,40, 0.086535768128
38,0, 0.072387296393
38,1,-0.099699537412
38,2, 0.315503768775
38,3, 0.168556978969
38,6, 0.520921844378
38,9, 0.229154819186
38,12, 0.017403613784
38,15, 0.539675177311
38,20, 0.158821369163
38,26, 0.354505723316
38,30, 0.049878348065
38,31, 0.151868783271
38,32, 0.162932856700
38,35,-1.079831293278
38,38,-1.441780763238
38,41, 0.116027911078
39,13,-0.028895215282
39,18,-0.036622941738
39,24,-0.088869344951
39,39,-1.580048757418
40,5, 0.053518457187
40,8, 0.037990765489
40,11, 0.010401691733
40,14, 0.144538869525
40,19, 0.074734591997
40,25, 0.216521847013
40,34, 0.068666676114
40,37, 0.086535768128
40,40,-1.607977879306
41,0,-0.005132045128
41,1, 0.010254489003
41,2,-0.047764941996
41,3,-0.017392140920
41,6,-0.122397068737
41,9,-0.018244973620
41,12,-0.001021694775
41,15,-0.154222931136
41,20,-0.013425052775
41,26,-0.119209139711
41,30,-0.013666025678
41,31,-0.031652833252
41,32,-0.024650460675
41,35, 0.086589251875
41,38, 0.116027911078
41,41,-1.622117258590
42,4, 0.053518457187
42,7, 0.037990765489
42,10, 0.010401691733
42,16, 0.144538869525
42,21, 0.074734591997
42,27, 0.216521847013
42,33, 0.068666676114
42,36, 0.086535768128
42,42,-1.607977879306
43,17,-0.028895215282
43,22,-0.036622941738
43,28,-0.088869344951
43,43,-1.580048757418
