0,0,-8.335501129455
0,1, 7.255552012283
0,2,-1.358841508593
0,3,-0.681110720372
0,6,-0.016885297480
0,9,-0.004624293980
0,12,-0.001509338934
0,15,-0.003117121123
0,20,-0.001196422164
0,26,-0.001009849329
0,30,-0.002941508989
0,31,-0.080495405931
0,32,-0.442883822741
0,35, 0.005320287488
0,38, 0.175963026791
0,41,-0.016302105033
1,0, 7.255552012283
1,1,-6.518660946069
1,2, 1.483734501180
1,3, 0.755892872760
1,6, 0.025394687597
1,9, 0.007824001717
1,12, 0.002601258166
1,15, 0.005735313862
1,20, 0.002292355819
1,26, 0.002015768348
1,30, 0.006104131941
1,31, 0.105428594963
1,32, 0.496461213731
1,35,-0.010973931189
1,38,-0.224718986956
1,41, 0.029914992854
2,0,-1.358841508593
2,1, 1.483734501180
2,2,-1.569512532294
2,3,-1.122771519771
2,6,-0.093380536388
2,9,-0.089116472798
2,12,-0.044312593245
2,15,-0.062776295747
2,20,-0.055040765175
2,26,-0.046715681511
2,30,-0.250380951827
2,31,-0.490658456084
2,32,-0.824916337606
2,35, 0.105891312996
2,38, 0.396631939420
2,41,-0.060841500622
3,0,-0.681110720372
3,1, 0.755892872760
3,2,-1.122771519771
3,3,-1.017850981409
3,6,-0.069837486361
3,9,-0.091888967584
3,12,-0.058814910453
3,15,-0.051962319901
3,20,-0.056666038944
3,26,-0.041756788389
3,30,-0.227597279894
3,31,-0.428405054702
3,32,-0.706828264912
3,35, 0.048589674778
3,38, 0.196201876979
3,41,-0.022294449999
4,4,-1.801693921639
4,7,-0.871391267420
4,10,-0.345342771172
4,16,-0.056953990432
4,21,-0.036595839815
4,27,-0.024744837053
4,33,-0.057780115295
4,36,-0.218452177470
4,42, 0.087080057981
5,5,-1.801693921639
5,8,-0.871391267420
5,11,-0.345342771172
5,14,-0.056953990432
5,19,-0.036595839815
5,25,-0.024744837053
5,34,-0.057780115295
5,37,-0.218452177470
5,40, 0.087080057981
6,0,-0.016885297480
6,1, 0.025394687597
6,2,-0.093380536388
6,3,-0.069837486361
6,6,-1.867819441166
6,9,-0.928493104006
6,12,-0.370628015709
6,15,-0.120715909877
6,20,-0.084928147760
6,26,-0.074166594246
6,30,-0.336552850967
6,31,-0.637442170334
6,32,-0.695944748670
6,35, 0.219254560376
6,38, 0.663375178770
6,41,-0.159966981382
7,4,-0.871391267420
7,7,-0.947255093401
7,10,-0.588783145217
7,16,-0.048448724771
7,21,-0.054905865668
7,27,-0.027137335666
7,33,-0.074354102409
7,36,-0.239882916129
7,42, 0.045565297107
8,5,-0.871391267420
8,8,-0.947255093401
8,11,-0.588783145217
8,14,-0.048448724771
8,19,-0.054905865668
8,25,-0.027137335666
8,34,-0.074354102409
8,37,-0.239882916129
8,40, 0.045565297107
9,0,-0.004624293980
9,1, 0.007824001717
9,2,-0.089116472798
9,3,-0.091888967584
9,6,-0.928493104006
9,9,-1.029143201193
9,12,-0.635843798061
9,15,-0.114166567508
9,20,-0.127663906379
9,26,-0.087538735172
9,30,-0.435316029621
9,31,-0.706204675212
9,32,-0.800350515627
9,35, 0.069845627971
9,38, 0.202653796231
9,41,-0.015245767539
10,4,-0.345342771172
10,7,-0.588783145217
10,10,-0.593892983100
10,16,-0.021766751226
10,21,-0.033921391852
10,27,-0.013118581252
10,33,-0.035392544308
10,36,-0.119849782930
10,42, 0.011781520687
11,5,-0.345342771172
11,8,-0.588783145217
11,11,-0.593892983100
11,14,-0.021766751226
11,19,-0.033921391852
11,25,-0.013118581252
11,34,-0.035392544308
11,37,-0.119849782930
11,40, 0.011781520687
12,0,-0.001509338934
12,1, 0.002601258166
12,2,-0.044312593245
12,3,-0.058814910453
12,6,-0.370628015709
12,9,-0.635843798061
12,12,-0.628729421485
12,15,-0.051946035049
12,20,-0.074451645711
12,26,-0.042085193345
12,30,-0.207282524468
12,31,-0.356082396492
12,32,-0.477157721441
12,35, 0.000180242912
12,38, 0.002964558428
12,41,-0.001094253399
13,13,-1.329746983040
13,18,-0.841929635317
13,24,-0.046383820339
13,39,-0.051777115604
14,5,-0.056953990432
14,8,-0.048448724771
14,11,-0.021766751226
14,14,-1.371248882859
14,19,-0.873537449507
14,25,-0.087090891180
14,34,-0.170920645848
14,37,-0.469651473495
14,40, 0.204007469562
15,0,-0.003117121123
15,1, 0.005735313862
15,2,-0.062776295747
15,3,-0.051962319901
15,6,-0.120715909877
15,9,-0.114166567508
15,12,-0.051946035049
15,15,-1.444441871335
15,20,-0.935192286447
15,26,-0.157459601222
15,30,-0.576006655834
15,31,-0.773529533645
15,32,-0.483849954517
15,35, 0.302700485426
15,38, 0.535029752338
15,41,-0.148433074048
16,4,-0.056953990432
16,7,-0.048448724771
16,10,-0.021766751226
16,16,-1.371248882859
16,21,-0.873537449507
16,27,-0.087090891180
16,33,-0.170920645848
16,36,-0.469651473495
16,42, 0.204007469562
17,17,-1.329746983040
17,22,-0.841929635317
17,28,-0.046383820339
17,43,-0.051777115604
18,13,-0.841929635317
18,18,-0.908140265377
18,24,-0.039330408939
18,39,-0.049346950439
19,5,-0.036595839815
19,8,-0.054905865668
19,11,-0.033921391852
19,14,-0.873537449507
19,19,-0.945470090248
19,25,-0.075265983364
19,34,-0.164899986962
19,37,-0.447985093143
19,40, 0.076563714397
20,0,-0.001196422164
20,1, 0.002292355819
20,2,-0.055040765175
20,3,-0.056666038944
20,6,-0.084928147760
20,9,-0.127663906379
20,12,-0.074451645711
20,15,-0.935192286447
20,20,-1.015050749978
20,26,-0.141197330374
20,30,-0.558681779837
20,31,-0.752635705244
20,32,-0.573952150779
20,35, 0.050399160579
20,38, 0.064286348264
20,41,-0.004778137491
21,4,-0.036595839815
21,7,-0.054905865668
21,10,-0.033921391852
21,16,-0.873537449507
21,21,-0.945470090248
21,27,-0.075265983364
21,33,-0.164899986962
21,36,-0.447985093143
21,42, 0.076563714397
22,17,-0.841929635317
22,22,-0.908140265377
22,28,-0.039330408939
22,43,-0.049346950439
23,23,-1.144838695131
24,13,-0.046383820339
24,18,-0.039330408939
24,24,-1.172326285358
24,39,-0.140935297751
25,5,-0.024744837053
25,8,-0.027137335666
25,11,-0.013118581252
25,14,-0.087090891180
25,19,-0.075265983364
25,25,-1.214385730510
25,34,-0.309136829701
25,37,-0.636410278744
25,40, 0.250077263593
26,0,-0.001009849329
26,1, 0.002015768348
26,2,-0.046715681511
26,3,-0.041756788389
26,6,-0.074166594246
26,9,-0.087538735172
26,12,-0.042085193345
26,15,-0.157459601222
26,20,-0.141197330374
26,26,-1.289439708879
26,30,-0.741950315548
26,31,-0.741777921025
26,32,-0.314248183141
26,35, 0.244474492160
26,38, 0.224210119754
26,41,-0.085473999935
27,4,-0.024744837053
27,7,-0.027137335666
27,10,-0.013118581252
27,16,-0.087090891180
27,21,-0.075265983364
27,27,-1.214385730510
27,33,-0.309136829701
27,36,-0.636410278744
27,42, 0.250077263593
28,17,-0.046383820339
28,22,-0.039330408939
28,28,-1.172326285358
28,43,-0.140935297751
29,29,-1.144838695131
30,0,-0.002941508989
30,1, 0.006104131941
30,2,-0.250380951827
30,3,-0.227597279894
30,6,-0.336552850967
30,9,-0.435316029621
30,12,-0.207282524468
30,15,-0.576006655834
30,20,-0.558681779837
30,26,-0.741950315548
30,30,-2.917689469182
30,31,-1.630223496454
30,32,-0.816069529892
30,35, 0.090471496578
30,38, 0.061777006900
30,41,-0.018837117038
31,0,-0.080495405931
31,1, 0.105428594963
31,2,-0.490658456084
31,3,-0.428405054702
31,6,-0.637442170334
31,9,-0.706204675212
31,12,-0.356082396492
31,15,-0.773529533645
31,20,-0.752635705244
31,26,-0.741777921025
31,30,-1.630223496454
31,31,-1.717281460998
31,32,-1.218520805734
31,35, 0.102515657611
31,38, 0.188065502202
31,41,-0.043629943554
32,0,-0.442883822741
32,1, 0.496461213731
32,2,-0.824916337606
32,3,-0.706828264912
32,6,-0.695944748670
32,9,-0.800350515627
32,12,-0.477157721441
32,15,-0.483849954517
32,20,-0.573952150779
32,26,-0.314248183141
32,30,-0.816069529892
32,31,-1.218520805734
32,32,-1.304044922224
32,35, 0.060869422779
32,38, 0.201242592100
32,41,-0.033977768065
33,4,-0.057780115295
33,7,-0.074354102409
33,10,-0.035392544308
33,16,-0.170920645848
33,21,-0.164899986962
33,27,-0.309136829701
33,33,-2.057999527059
33,36,-1.105674958928
33,42, 0.084300217195
34,5,-0.057780115295
34,8,-0.074354102409
34,11,-0.035392544308
34,14,-0.170920645848
34,19,-0.164899986962
34,25,-0.309136829701
34,34,-2.057999527059
34,37,-1.105674958928
34,40, 0.084300217195
35,0, 0.005320287488
35,1,-0.010973931189
35,2, 0.105891312996
35,3, 0.048589674778
35,6, 0.219254560376
35,9, 0.069845627971
35,12, 0.000180242912
35,15, 0.302700485426
35,20, 0.050399160579
35,26, 0.244474492160
35,30, 0.090471496578
35,31, 0.102515657611
35,32, 0.060869422779
35,35,-2.089063686100
35,38,-1.135621066214
35,41, 0.108539514975
36,4,-0.218452177470
36,7,-0.239882916129
36,10,-0.119849782930
36,16,-0.469651473495
36,21,-0.447985093143
36,27,-0.636410278744
36,33,-1.105674958928
36,36,-1.431568626921
36,42, 0.105530824811
37,5,-0.218452177470
37,8,-0.239882916129
37,11,-0.119849782930
37,14,-0.469651473495
37,19,-0.447985093143
37,25,-0.636410278744
37,34,-1.105674958928
37,37,-1.431568626921
37,40, 0.105530824811
38,0, 0.175963026791
38,1,-0.224718986956
38,2, 0.396631939420
38,3, 0.196201876979
38,6, 0.663375178770
38,9, 0.202653796231
38,12, 0.002964558428
38,15, 0.535029752338
38,20, 0.064286348264
38,26, 0.224210119754
38,30, 0.061777006900
38,31, 0.188065502202
38,32, 0.201242592100
38,35,-1.135621066214
38,38,-1.544142112605
38,41, 0.146561800959
39,13,-0.051777115604
39,18,-0.049346950439
39,24,-0.140935297751
39,39,-1.654587905578
40,5, 0.087080057981
40,8, 0.045565297107
40,11, 0.011781520687
40,14, 0.204007469562
40,19, 0.076563714397
40,25, 0.250077263593
40,34, 0.084300217195
40,37, 0.105530824811
40,40,-1.692404524801
41,0,-0.016302105033
41,1, 0.029914992854
41,2,-0.060841500622
41,3,-0.022294449999
41,6,-0.159966981382
41,9,-0.015245767539
41,12,-0.001094253399
41,15,-0.148433074048
41,20,-0.004778137491
41,26,-0.085473999935
41,30,-0.018837117038
41,31,-0.043629943554
41,32,-0.033977768065
41,35, 0.108539514975
41,38, 0.146561800959
41,41,-1.713255329979
42,4, 0.087080057981
42,7, 0.045565297107
42,10, 0.011781520687
42,16, 0.204007469562
42,21, 0.076563714397
42,27, 0.250077263593
42,33, 0.084300217195
42,36, 0.105530824811
42,42,-1.692404524801
43,17,-0.051777115604
43,22,-0.049346950439
43,28,-0.140935297751
43,43,-1.654587905578
