0,0,-8.576740350727
0,1, 7.491325338288
0,2,-1.431252025492
0,3,-0.718328345075
0,6,-0.056488650274
0,9,-0.013949007209
0,12,-0.004416090777
0,15,-0.014720967886
0,20,-0.004772168835
0,26,-0.005548751195
0,30,-0.359034466481
0,31,-1.264757174822
0,32,-1.231839094157
0,35, 0.643373769295
0,38, 2.307348342853
0,41,-1.519194025787
1,0, 7.491325338288
1,1,-6.759419183543
1,2, 1.575831723757
1,3, 0.804047625992
1,6, 0.082366134972
1,9, 0.022450374825
1,12, 0.007205245236
1,15, 0.025290043402
1,20, 0.008433391612
1,26, 0.010107654972
1,30, 0.489207421992
1,31, 1.402624001336
1,32, 1.362234585494
1,35,-0.760700923403
1,38,-2.378568184259
1,41, 1.491553360424
2,0,-1.431252025492
2,1, 1.575831723757
2,2,-1.677792499852
2,3,-1.186443325625
2,6,-0.159024540498
2,9,-0.092452520782
2,12,-0.039126496951
2,15,-0.082352381024
2,20,-0.041580329561
2,26,-0.040559238203
2,30,-0.690039413143
2,31,-1.251634753508
2,32,-1.482023367491
2,35, 0.281988581291
2,38, 0.808264359375
2,41,-0.242368612071
3,0,-0.718328345075
3,1, 0.804047625992
3,2,-1.186443325625
3,3,-1.055909883310
3,6,-0.101756116031
3,9,-0.076721732045
3,12,-0.040924704326
3,15,-0.054392853437
3,20,-0.032426455115
3,26,-0.027267637782
3,30,-0.403126308481
3,31,-0.765834900338
3,32,-1.039222873799
3,35, 0.117069146396
3,38, 0.354512628830
3,41,-0.107907518011
4,4,-1.929050028850
4,7,-0.925444506518
4,10,-0.365145533179
4,16,-0.086288287801
4,21,-0.044417714517
4,27,-0.031562070055
4,33,-0.448370499591
4,36,-1.067052471414
4,42, 0.539342167266
5,5,-1.929050028850
5,8,-0.925444506518
5,11,-0.365145533179
5,14,-0.086288287801
5,19,-0.044417714517
5,25,-0.031562070055
5,34,-0.448370499591
5,37,-1.067052471414
5,40, 0.539342167266
6,0,-0.056488650274
6,1, 0.082366134972
6,2,-0.159024540498
6,3,-0.101756116031
6,6,-2.075334729881
6,9,-0.993831136926
6,12,-0.390220610157
6,15,-0.190347876968
6,20,-0.089871541690
6,26,-0.086721341094
6,30,-1.288150886112
6,31,-1.498490238800
6,32,-0.866774320548
6,35, 0.509935766545
6,38, 0.378221727573
6,41,-0.231079080613
7,4,-0.925444506518
7,7,-0.985322480574
7,10,-0.606655162412
7,16,-0.055985872011
7,21,-0.047580520673
7,27,-0.022598222450
7,33,-0.173413343398
7,36,-0.503813806801
7,42, 0.093651377880
8,5,-0.925444506518
8,8,-0.985322480574
8,11,-0.606655162412
8,14,-0.055985872011
8,19,-0.047580520673
8,25,-0.022598222450
8,34,-0.173413343398
8,37,-0.503813806801
8,40, 0.093651377880
9,0,-0.013949007209
9,1, 0.022450374825
9,2,-0.092452520782
9,3,-0.076721732045
9,6,-0.993831136926
9,9,-1.033096538895
9,12,-0.628630584478
9,15,-0.110931370880
9,20,-0.080473665477
9,26,-0.053304881227
9,30,-0.502392858860
9,31,-0.735726408388
9,32,-0.668188687882
9,35,-0.017676884673
9,38,-0.174294475180
9,41, 0.015529048770
10,4,-0.365145533179
10,7,-0.606655162412
10,10,-0.604637414288
10,16,-0.023085950794
10,21,-0.026237899005
10,27,-0.009550632729
10,33,-0.058931958465
10,36,-0.188443280189
10,42, 0.023309099889
11,5,-0.365145533179
11,8,-0.606655162412
11,11,-0.604637414288
11,14,-0.023085950794
11,19,-0.026237899005
11,25,-0.009550632729
11,34,-0.058931958465
11,37,-0.188443280189
11,40, 0.023309099889
12,0,-0.004416090777
12,1, 0.007205245236
12,2,-0.039126496951
12,3,-0.040924704326
12,6,-0.390220610157
12,9,-0.628630584478
12,12,-0.617507736302
12,15,-0.043803233127
12,20,-0.041240276655
12,26,-0.021284477420
12,30,-0.170937061543
12,31,-0.279293685256
12,32,-0.327847122295
12,35,-0.021151032334
12,38,-0.105285443680
12,41, 0.002664291008
13,13,-1.412805470230
13,18,-0.887262773971
13,24,-0.056731767514
13,39,-0.344620596753
14,5,-0.086288287801
14,8,-0.055985872011
14,11,-0.023085950794
14,14,-1.466345690987
14,19,-0.916441251289
14,25,-0.099354325792
14,34,-0.630355609560
14,37,-1.075907200092
14,40, 0.210423109908
15,0,-0.014720967886
15,1, 0.025290043402
15,2,-0.082352381024
15,3,-0.054392853437
15,6,-0.190347876968
15,9,-0.110931370880
15,12,-0.043803233127
15,15,-1.551217103251
15,20,-0.955515126679
15,26,-0.153746723438
15,30,-1.060836260097
15,31,-0.888550449002
15,32,-0.352568489392
15,35,-0.119319394019
15,38,-0.519919056609
15,41, 0.048557598855
16,4,-0.086288287801
16,7,-0.055985872011
16,10,-0.023085950794
16,16,-1.466345690987
16,21,-0.916441251289
16,27,-0.099354325792
16,33,-0.630355609560
16,36,-1.075907200092
16,42, 0.210423109908
17,17,-1.412805470230
17,22,-0.887262773971
17,28,-0.056731767514
17,43,-0.344620596753
18,13,-0.887262773971
18,18,-0.944293507720
18,24,-0.040280064345
18,39,-0.139442088818
19,5,-0.044417714517
19,8,-0.047580520673
19,11,-0.026237899005
19,14,-0.916441251289
19,19,-0.967053945160
19,25,-0.066722385147
19,34,-0.244187539619
19,37,-0.556114639283
19,40,-0.004937128007
20,0,-0.004772168835
20,1, 0.008433391612
20,2,-0.041580329561
20,3,-0.032426455115
20,6,-0.089871541690
20,9,-0.080473665477
20,12,-0.041240276655
20,15,-0.955515126679
20,20,-0.990025882914
20,26,-0.093588397809
20,30,-0.410535135158
20,31,-0.466214652230
20,32,-0.278810819386
20,35,-0.143755326681
20,38,-0.415765625358
20,41,-0.025341030300
21,4,-0.044417714517
21,7,-0.047580520673
21,10,-0.026237899005
21,16,-0.916441251289
21,21,-0.967053945160
21,27,-0.066722385147
21,33,-0.244187539619
21,36,-0.556114639283
21,42,-0.004937128007
22,17,-0.887262773971
22,22,-0.944293507720
22,28,-0.040280064345
22,43,-0.139442088818
23,23,-1.207105837273
24,13,-0.056731767514
24,18,-0.040280064345
24,24,-1.233795222798
24,39,-0.460334571747
25,5,-0.031562070055
25,8,-0.022598222450
25,11,-0.009550632729
25,14,-0.099354325792
25,19,-0.066722385147
25,25,-1.266762719978
25,34,-0.561772032025
25,37,-0.730474159946
25,40,-0.140392791975
26,0,-0.005548751195
26,1, 0.010107654972
26,2,-0.040559238203
26,3,-0.027267637782
26,6,-0.086721341094
26,9,-0.053304881227
26,12,-0.021284477420
26,15,-0.153746723438
26,20,-0.093588397809
26,26,-1.303898801702
26,30,-0.677542628325
26,31,-0.438782340511
26,32,-0.138129131462
26,35,-0.325275753793
26,38,-0.562627264880
26,41,-0.171479201250
27,4,-0.031562070055
27,7,-0.022598222450
27,10,-0.009550632729
27,16,-0.099354325792
27,21,-0.066722385147
27,27,-1.266762719978
27,33,-0.561772032025
27,36,-0.730474159946
27,42,-0.140392791975
28,17,-0.056731767514
28,22,-0.040280064345
28,28,-1.233795222798
28,43,-0.460334571747
29,29,-1.207105837273
30,0,-0.359034466481
30,1, 0.489207421992
30,2,-0.690039413143
30,3,-0.403126308481
30,6,-1.288150886112
30,9,-0.502392858860
30,12,-0.170937061543
30,15,-1.060836260097
30,20,-0.410535135158
30,26,-0.677542628325
30,30,-3.641822964910
30,31,-2.140969048147
30,32,-1.085588405728
30,35, 0.325841464470
30,38, 0.220852419299
30,41,-0.128225398629
31,0,-1.264757174822
31,1, 1.402624001336
31,2,-1.251634753508
31,3,-0.765834900338
31,6,-1.498490238800
31,9,-0.735726408388
31,12,-0.279293685256
31,15,-0.888550449002
31,20,-0.466214652230
31,26,-0.438782340511
31,30,-2.140969048147
31,31,-2.402805260102
31,32,-1.706111481841
31,35, 0.367807740342
31,38, 0.583008522345
31,41,-0.280588219939
32,0,-1.231839094157
32,1, 1.362234585494
32,2,-1.482023367491
32,3,-1.039222873799
32,6,-0.866774320548
32,9,-0.668188687882
32,12,-0.327847122295
32,15,-0.352568489392
32,20,-0.278810819386
32,26,-0.138129131462
32,30,-1.085588405728
32,31,-1.706111481841
32,32,-1.722061402654
32,35, 0.217317615175
32,38, 0.518430823312
32,41,-0.206123984425
33,4,-0.448370499591
33,7,-0.173413343398
33,10,-0.058931958465
33,16,-0.630355609560
33,21,-0.244187539619
33,27,-0.561772032025
33,33,-2.721720923670
33,36,-1.492740387631
33,42, 0.267317768472
34,5,-0.448370499591
34,8,-0.173413343398
34,11,-0.058931958465
34,14,-0.630355609560
34,19,-0.244187539619
34,25,-0.561772032025
34,34,-2.721720923670
34,37,-1.492740387631
34,40, 0.267317768472
35,0, 0.643373769295
35,1,-0.760700923403
35,2, 0.281988581291
35,3, 0.117069146396
35,6, 0.509935766545
35,9,-0.017676884673
35,12,-0.021151032334
35,15,-0.119319394019
35,20,-0.143755326681
35,26,-0.325275753793
35,30, 0.325841464470
35,31, 0.367807740342
35,32, 0.217317615175
35,35,-2.933972874116
35,38,-1.694000939564
35,41, 0.452758249636
36,4,-1.067052471414
36,7,-0.503813806801
36,10,-0.188443280189
36,16,-1.075907200092
36,21,-0.556114639283
36,27,-0.730474159946
36,33,-1.492740387631
36,36,-1.943314677727
36,42, 0.300812234267
37,5,-1.067052471414
37,8,-0.503813806801
37,11,-0.188443280189
37,14,-1.075907200092
37,19,-0.556114639283
37,25,-0.730474159946
37,34,-1.492740387631
37,37,-1.943314677727
37,40, 0.300812234267
38,0, 2.307348342853
38,1,-2.378568184259
38,2, 0.808264359375
38,3, 0.354512628830
38,6, 0.378221727573
38,9,-0.174294475180
38,12,-0.105285443680
38,15,-0.519919056609
38,20,-0.415765625358
38,26,-0.562627264880
38,30, 0.220852419299
38,31, 0.583008522345
38,32, 0.518430823312
38,35,-1.694000939564
38,38,-2.474790186360
38,41, 0.624900338555
39,13,-0.344620596753
39,18,-0.139442088818
39,24,-0.460334571747
39,39,-2.234539516366
40,5, 0.539342167266
40,8, 0.093651377880
40,11, 0.023309099889
40,14, 0.210423109908
40,19,-0.004937128007
40,25,-0.140392791975
40,34, 0.267317768472
40,37, 0.300812234267
40,40,-2.430472043677
41,0,-1.519194025787
41,1, 1.491553360424
41,2,-0.242368612071
41,3,-0.107907518011
41,6,-0.231079080613
41,9, 0.015529048770
41,12, 0.002664291008
41,15, 0.048557598855
41,20,-0.025341030300
41,26,-0.171479201250
41,30,-0.128225398629
41,31,-0.280588219939
41,32,-0.206123984425
41,35, 0.452758249636
41,38, 0.624900338555
41,41,-2.686261353420
42,4, 0.539342167266
42,7, 0.093651377880
42,10, 0.023309099889
42,16, 0.210423109908
42,21,-0.004937128007
42,27,-0.140392791975
42,33, 0.267317768472
42,36, 0.300812234267
42,42,-2.430472043677
43,17,-0.344620596753
43,22,-0.139442088818
43,28,-0.460334571747
43,43,-2.234539516366
