0,0,-8.309402374166
0,1, 7.230027272563
0,2,-1.350769665415
0,3,-0.676923528139
0,6,-0.013767699430
0,9,-0.003773686094
0,12,-0.001232428967
0,15,-0.002297949190
0,20,-0.000885311888
0,26,-0.000676106225
0,30,-0.000876818853
0,31,-0.035417973357
0,32,-0.324816915780
0,35, 0.001659113911
0,38, 0.075655695141
0,41,-0.005426260720
1,0, 7.230027272563
1,1,-6.492562199721
1,2, 1.473265986124
1,3, 0.750342063345
1,6, 0.020707260732
1,9, 0.006386610866
1,12, 0.002124886157
1,15, 0.004229221736
1,20, 0.001697441705
1,26, 0.001350438980
1,30, 0.001863862109
1,31, 0.048988821661
1,32, 0.366184308410
1,35,-0.003526492531
1,38,-0.103811514135
1,41, 0.010809278253
2,0,-1.350769665415
2,1, 1.473265986124
2,2,-1.548750462673
2,3,-1.108857626661
2,6,-0.079123090038
2,9,-0.081837323601
2,12,-0.042308128428
2,15,-0.051362203339
2,20,-0.050701099857
2,26,-0.038681328119
2,30,-0.192326049253
2,31,-0.380419892838
2,32,-0.689645422983
2,35, 0.085280402881
2,38, 0.319055530198
2,41,-0.048306825487
3,0,-0.676923528139
3,1, 0.750342063345
3,2,-1.108857626661
3,3,-1.008172697023
3,6,-0.060571118039
3,9,-0.089011825057
3,12,-0.059905799542
3,15,-0.044418530781
3,20,-0.056116067910
3,26,-0.036950239059
3,30,-0.200821441096
3,31,-0.373147005757
3,32,-0.631503194764
3,35, 0.042921479661
3,38, 0.169749042389
3,41,-0.017582566447
4,4,-1.781879400832
4,7,-0.861230925368
4,10,-0.341404092680
4,16,-0.049785691388
4,21,-0.033071002010
4,27,-0.021019167978
4,33,-0.033884432317
4,36,-0.139378355599
4,42, 0.054814381882
5,5,-1.781879400832
5,8,-0.861230925368
5,11,-0.341404092680
5,14,-0.049785691388
5,19,-0.033071002010
5,25,-0.021019167978
5,34,-0.033884432317
5,37,-0.139378355599
5,40, 0.054814381882
6,0,-0.013767699430
6,1, 0.020707260732
6,2,-0.079123090038
6,3,-0.060571118039
6,6,-1.833033840235
6,9,-0.909367857762
6,12,-0.363571432630
6,15,-0.098353256137
6,20,-0.073786030977
6,26,-0.058457642789
6,30,-0.220358481316
6,31,-0.458943147387
6,32,-0.599120442995
6,35, 0.159018527359
6,38, 0.527733860966
6,41,-0.124066407117
7,4,-0.861230925368
7,7,-0.938155874380
7,10,-0.584169040363
7,16,-0.044023765718
7,21,-0.052965894661
7,27,-0.024796669970
7,33,-0.060038487322
7,36,-0.195534446451
7,42, 0.038328055643
8,5,-0.861230925368
8,8,-0.938155874380
8,11,-0.584169040363
8,14,-0.044023765718
8,19,-0.052965894661
8,25,-0.024796669970
8,34,-0.060038487322
8,37,-0.195534446451
8,40, 0.038328055643
9,0,-0.003773686094
9,1, 0.006386610866
9,2,-0.081837323601
9,3,-0.089011825057
9,6,-0.909367857762
9,9,-1.018824047755
9,12,-0.633507002598
9,15,-0.100008070134
9,20,-0.125948218407
9,26,-0.078572483594
9,30,-0.393037776948
9,31,-0.644482673329
9,32,-0.769105530745
9,35, 0.075634940562
9,38, 0.228304829377
9,41,-0.018117434426
10,4,-0.341404092680
10,7,-0.584169040363
10,10,-0.590872367370
10,16,-0.020099613292
10,21,-0.033651729494
10,27,-0.012343785817
10,33,-0.031769578010
10,36,-0.107233272172
10,42, 0.010460781269
11,5,-0.341404092680
11,8,-0.584169040363
11,11,-0.590872367370
11,14,-0.020099613292
11,19,-0.033651729494
11,25,-0.012343785817
11,34,-0.031769578010
11,37,-0.107233272172
11,40, 0.010460781269
12,0,-0.001232428967
12,1, 0.002124886157
12,2,-0.042308128428
12,3,-0.059905799542
12,6,-0.363571432630
12,9,-0.633507002598
12,12,-0.630004516682
12,15,-0.047057137500
12,20,-0.077020302537
12,26,-0.039763173761
12,30,-0.208056792311
12,31,-0.356200547630
12,32,-0.488188534154
12,35, 0.003614740850
12,38, 0.016781439957
12,41,-0.001023032383
13,13,-1.314347302991
13,18,-0.832619836896
13,24,-0.041990528590
13,39,-0.029743588788
14,5,-0.049785691388
14,8,-0.044023765718
14,11,-0.020099613292
14,14,-1.349371751854
14,19,-0.860902375504
14,25,-0.076819209992
14,34,-0.107153460935
14,37,-0.332443539871
14,40, 0.147204319398
15,0,-0.002297949190
15,1, 0.004229221736
15,2,-0.051362203339
15,3,-0.044418530781
15,6,-0.098353256137
15,9,-0.100008070134
15,12,-0.047057137500
15,15,-1.404309395168
15,20,-0.913538922163
15,26,-0.130953501823
15,30,-0.402793234267
15,31,-0.614491486983
15,32,-0.449156486882
15,35, 0.254387148815
15,38, 0.541300228675
15,41,-0.154554117608
16,4,-0.049785691388
16,7,-0.044023765718
16,10,-0.020099613292
16,16,-1.349371751854
16,21,-0.860902375504
16,27,-0.076819209992
16,33,-0.107153460935
16,36,-0.332443539871
16,42, 0.147204319398
17,17,-1.314347302991
17,22,-0.832619836896
17,28,-0.041990528590
17,43,-0.029743588788
18,13,-0.832619836896
18,18,-0.899639499594
18,24,-0.036740260669
18,39,-0.037163994209
19,5,-0.033071002010
19,8,-0.052965894661
19,11,-0.033651729494
19,14,-0.860902375504
19,19,-0.936270891200
19,25,-0.069790204035
19,34,-0.137839759138
19,37,-0.385717925438
19,40, 0.074931531044
20,0,-0.000885311888
20,1, 0.001697441705
20,2,-0.050701099857
20,3,-0.056116067910
20,6,-0.073786030977
20,9,-0.125948218407
20,12,-0.077020302537
20,15,-0.913538922163
20,20,-1.007496191897
20,26,-0.129320189568
20,30,-0.522035374953
20,31,-0.725639856666
20,32,-0.592012401591
20,35, 0.079318328867
20,38, 0.154946415795
20,41,-0.012988915488
21,4,-0.033071002010
21,7,-0.052965894661
21,10,-0.033651729494
21,16,-0.860902375504
21,21,-0.936270891200
21,27,-0.069790204035
21,33,-0.137839759138
21,36,-0.385717925438
21,42, 0.074931531044
22,17,-0.832619836896
22,22,-0.899639499594
22,28,-0.036740260669
22,43,-0.037163994209
23,23,-1.132294007666
24,13,-0.041990528590
24,18,-0.036740260669
24,24,-1.156890016035
24,39,-0.090970782515
25,5,-0.021019167978
25,8,-0.024796669970
25,11,-0.012343785817
25,14,-0.076819209992
25,19,-0.069790204035
25,25,-1.193189785762
25,34,-0.217702852310
25,37,-0.504850088004
25,40, 0.218635335004
26,0,-0.000676106225
26,1, 0.001350438980
26,2,-0.038681328119
26,3,-0.036950239059
26,6,-0.058457642789
26,9,-0.078572483594
26,12,-0.039763173761
26,15,-0.130953501823
26,20,-0.129320189568
26,26,-1.253350443530
26,30,-0.582321621905
26,31,-0.656165451070
26,32,-0.311778324772
26,35, 0.263453466711
26,38, 0.350179527549
26,41,-0.117993406504
27,4,-0.021019167978
27,7,-0.024796669970
27,10,-0.012343785817
27,16,-0.076819209992
27,21,-0.069790204035
27,27,-1.193189785762
27,33,-0.217702852310
27,36,-0.504850088004
27,42, 0.218635335004
28,17,-0.041990528590
28,22,-0.036740260669
28,28,-1.156890016035
28,43,-0.090970782515
29,29,-1.132294007666
30,0,-0.000876818853
30,1, 0.001863862109
30,2,-0.192326049253
30,3,-0.200821441096
30,6,-0.220358481316
30,9,-0.393037776948
30,12,-0.208056792311
30,15,-0.402793234267
30,20,-0.522035374953
30,26,-0.582321621905
30,30,-2.839393196084
30,31,-1.574924009767
30,32,-0.786823692655
30,35, 0.073756996315
30,38, 0.050363779250
30,41,-0.013866013148
31,0,-0.035417973357
31,1, 0.048988821661
31,2,-0.380419892838
31,3,-0.373147005757
31,6,-0.458943147387
31,9,-0.644482673329
31,12,-0.356200547630
31,15,-0.614491486983
31,20,-0.725639856666
31,26,-0.656165451070
31,30,-1.574924009767
31,31,-1.639000821608
31,32,-1.157041034555
31,35, 0.083576013090
31,38, 0.153346448937
31,41,-0.032116038115
32,0,-0.324816915780
32,1, 0.366184308410
32,2,-0.689645422983
32,3,-0.631503194764
32,6,-0.599120442995
32,9,-0.769105530745
32,12,-0.488188534154
32,15,-0.449156486882
32,20,-0.592012401591
32,26,-0.311778324772
32,30,-0.786823692655
32,31,-1.157041034555
32,32,-1.233523822292
32,35, 0.049623870293
32,38, 0.164508468957
32,41,-0.025011192628
33,4,-0.033884432317
33,7,-0.060038487322
33,10,-0.031769578010
33,16,-0.107153460935
33,21,-0.137839759138
33,27,-0.217702852310
33,33,-1.982435858275
33,36,-1.060162988878
33,42, 0.069310111151
34,5,-0.033884432317
34,8,-0.060038487322
34,11,-0.031769578010
34,14,-0.107153460935
34,19,-0.137839759138
34,25,-0.217702852310
34,34,-1.982435858275
34,37,-1.060162988878
34,40, 0.069310111151
35,0, 0.001659113911
35,1,-0.003526492531
35,2, 0.085280402881
35,3, 0.042921479661
35,6, 0.159018527359
35,9, 0.075634940562
35,12, 0.003614740850
35,15, 0.254387148815
35,20, 0.079318328867
35,26, 0.263453466711
35,30, 0.073756996315
35,31, 0.083576013090
35,32, 0.049623870293
35,35,-2.005302204375
35,38,-1.082206336446
35,41, 0.087475005885
36,4,-0.139378355599
36,7,-0.195534446451
36,10,-0.107233272172
36,16,-0.332443539871
36,21,-0.385717925438
36,27,-0.504850088004
36,33,-1.060162988878
36,36,-1.363181322557
36,42, 0.087323136063
37,5,-0.139378355599
37,8,-0.195534446451
37,11,-0.107233272172
37,14,-0.332443539871
37,19,-0.385717925438
37,25,-0.504850088004
37,34,-1.060162988878
37,37,-1.363181322557
37,40, 0.087323136063
38,0, 0.075655695141
38,1,-0.103811514135
38,2, 0.319055530198
38,3, 0.169749042389
38,6, 0.527733860966
38,9, 0.228304829377
38,12, 0.016781439957
38,15, 0.541300228675
38,20, 0.154946415795
38,26, 0.350179527549
38,30, 0.050363779250
38,31, 0.153346448937
38,32, 0.164508468957
38,35,-1.082206336446
38,38,-1.446094949809
38,41, 0.117252088341
39,13,-0.029743588788
39,18,-0.037163994209
39,24,-0.090970782515
39,39,-1.583283893573
40,5, 0.054814381882
40,8, 0.038328055643
40,11, 0.010460781269
40,14, 0.147204319398
40,19, 0.074931531044
40,25, 0.218635335004
40,34, 0.069310111151
40,37, 0.087323136063
40,40,-1.611601288590
41,0,-0.005426260720
41,1, 0.010809278253
41,2,-0.048306825487
41,3,-0.017582566447
41,6,-0.124066407117
41,9,-0.018117434426
41,12,-0.001023032383
41,15,-0.154554117608
41,20,-0.012988915488
41,26,-0.117993406504
41,30,-0.013866013148
41,31,-0.032116038115
41,32,-0.025011192628
41,35, 0.087475005885
41,38, 0.117252088341
41,41,-1.625988460944
42,4, 0.054814381882
42,7, 0.038328055643
42,10, 0.010460781269
42,16, 0.147204319398
42,21, 0.074931531044
42,27, 0.218635335004
42,33, 0.069310111151
42,36, 0.087323136063
42,42,-1.611601288590
43,17,-0.029743588788
43,22,-0.037163994209
43,28,-0.090970782515
43,43,-1.583283893573
